value,num_stones,occ_red_rows,occ_red_cols,occ_blue_rows,occ_blue_cols,red_p1,blue_p1,red_p2,blue_p2
# Search ID 0
0.088000,0,0,0,0,0,0,0,0,0
-0.012500,1,0,0,0,0,0,0,0,0
-0.027027,1,0,0,0,0,0,0,0,0
-0.000000,1,0,0,0,0,0,0,0,0
0.117925,1,0,0,0,0,0,0,0,0
-0.055118,1,0,0,0,0,0,0,0,0
-0.067797,1,0,0,0,0,0,0,0,0
0.081967,1,0,0,0,0,0,0,0,0
0.033175,1,0,0,0,0,0,0,0,0
0.086957,1,0,0,0,0,0,0,0,0
0.117506,1,0,0,0,0,0,0,0,0
0.010989,1,0,0,0,0,0,0,0,0
0.102493,1,0,0,0,0,0,0,0,0
0.122905,1,0,0,0,0,0,0,0,0
0.099715,1,0,0,0,0,0,0,0,0
0.100000,1,0,0,0,0,0,0,0,0
-0.034483,1,0,0,0,0,0,0,0,0
0.059289,1,0,0,0,0,0,0,0,0
0.190377,1,0,0,0,0,0,0,0,0
0.167139,1,0,0,0,0,0,0,0,0
0.070423,1,0,0,0,0,0,0,0,0
-0.056000,1,0,0,0,0,0,0,0,0
0.199272,1,0,0,0,0,0,0,0,0
0.154605,1,0,0,0,0,0,0,0,0
0.039648,1,0,0,0,0,0,0,0,0
0.068592,1,0,0,0,0,0,0,0,0
0.039648,1,0,0,0,0,0,0,0,0
0.020619,1,0,0,0,0,0,0,0,0
0.032558,1,0,0,0,0,0,0,0,0
-0.079646,1,0,0,0,0,0,0,0,0
# Search ID 1
-0.022382,2,0,0,0,0,0,0,0,0
-0.219048,3,0,0,0,0,0,0,0,0
-0.178295,3,0,0,0,0,0,0,0,0
-0.219048,3,0,0,0,0,0,0,0,0
-0.181102,3,0,0,0,0,0,0,0,0
-0.084444,3,0,0,0,0,0,0,0,0
-0.111111,3,0,0,0,0,0,0,0,0
-0.165468,3,0,0,0,0,0,0,0,0
-0.111111,3,0,0,0,0,0,0,0,0
0.039416,3,0,0,0,0,0,0,0,0
-0.059259,3,0,0,0,0,0,0,0,0
-0.021858,3,0,0,0,0,0,0,0,0
-0.165468,3,0,0,0,0,0,0,0,0
-0.106599,3,0,0,0,0,0,0,0,0
-0.134146,3,0,0,0,0,0,0,0,0
0.013487,3,0,0,0,0,0,0,0,0
0.096045,3,0,0,0,0,0,0,0,0
-0.045872,4,0,0,0,0,0,0,0,0
-0.161290,4,0,0,0,0,0,0,0,0
-0.098592,4,0,0,0,0,0,0,0,0
-0.058394,3,0,0,0,0,0,0,0,0
0.028007,3,0,0,0,0,0,0,0,0
0.080328,3,0,0,0,0,0,0,0,0
-0.169492,4,0,0,2,2,0,0,1,0
0.011858,3,3,2,0,0,1,0,0,0
-0.154362,3,0,0,0,0,0,0,0,0
-0.042623,3,0,0,0,0,0,0,0,0
-0.036810,3,2,2,0,0,1,0,0,0
0.015106,3,0,0,0,0,0,0,0,0
-0.144737,3,0,0,0,0,0,0,0,0
-0.142857,3,0,0,0,0,0,0,0,0
-0.029586,3,0,0,0,0,0,0,0,0
# Search ID 2
-0.000300,5,0,0,0,0,0,0,0,0
0.185714,6,0,0,0,0,0,0,0,0
0.166667,6,0,0,0,0,0,0,0,0
0.093117,6,0,0,2,3,0,0,1,0
0.005650,6,0,0,0,0,0,0,0,0
0.166667,6,0,0,3,2,0,0,1,0
0.079710,6,0,0,0,0,0,0,0,0
0.058104,6,0,0,0,0,0,0,0,0
0.065359,6,0,0,0,0,0,0,0,0
0.229358,6,0,0,0,0,0,0,0,0
0.185714,6,0,0,2,2,0,0,1,0
0.171053,6,0,0,0,0,0,0,0,0
0.183099,6,0,0,0,0,0,0,0,0
0.083969,6,0,0,0,0,0,0,0,0
-0.124931,6,0,0,0,0,0,0,0,0
-0.213793,7,0,0,0,0,0,0,0,0
-0.280000,7,0,0,0,0,0,0,0,0
-0.234375,7,0,0,0,0,0,0,0,0
-0.208054,7,0,0,0,0,0,0,0,0
-0.093093,7,0,0,0,0,0,0,0,0
-0.266055,7,0,0,0,0,0,0,0,0
-0.223022,7,0,0,0,0,0,0,0,0
-0.266055,7,0,0,0,0,0,0,0,0
-0.241935,7,0,0,0,0,0,0,0,0
0.046839,7,0,0,0,0,0,0,0,0
-0.016393,8,0,0,0,0,0,0,0,0
-0.094527,8,0,0,0,0,0,0,0,0
-0.193347,8,0,0,0,0,0,0,0,0
-0.238095,7,0,0,0,0,0,0,0,0
-0.125984,7,2,2,0,0,1,0,0,0
-0.120301,7,0,0,0,0,0,0,0,0
-0.261261,7,0,0,0,0,0,0,0,0
-0.194969,7,0,0,0,0,0,0,0,0
-0.261261,7,0,0,0,0,0,0,0,0
0.238095,6,0,0,0,0,0,0,0,0
0.151163,6,0,0,0,0,0,0,0,0
0.073171,6,0,0,0,0,0,0,0,0
0.113208,6,0,0,0,0,0,0,0,0
0.209677,6,0,0,0,0,0,0,0,0
# Search ID 3
-0.027384,4,0,0,0,0,0,0,0,0
-0.193548,5,0,0,0,0,0,0,0,0
-0.063830,5,0,0,0,0,0,0,0,0
-0.089362,5,0,0,0,0,0,0,0,0
-0.041420,5,0,0,0,0,0,0,0,0
-0.137931,5,0,0,0,0,0,0,0,0
-0.061224,5,0,0,0,0,0,0,0,0
-0.025253,5,3,2,0,0,1,0,0,0
-0.011038,5,0,0,0,0,0,0,0,0
-0.008621,5,0,0,0,0,0,0,0,0
-0.076923,5,0,0,0,0,0,0,0,0
-0.210526,5,0,0,0,0,0,0,0,0
-0.032787,5,0,0,0,0,0,0,0,0
-0.146341,5,0,0,0,0,0,0,0,0
-0.045593,5,2,3,0,0,1,0,0,0
0.090200,5,0,0,0,0,0,0,0,0
-0.028571,6,0,0,3,2,0,0,1,0
-0.078014,6,0,0,0,0,0,0,0,0
-0.019231,6,0,0,3,2,0,0,1,0
-0.127072,5,0,0,0,0,0,0,0,0
-0.150000,5,0,0,0,0,0,0,0,0
0.045872,5,0,0,0,0,0,0,0,0
-0.078740,5,3,2,0,0,1,0,0,0
-0.116751,5,0,0,0,0,0,0,0,0
0.078818,5,3,3,0,0,2,0,0,0
-0.120000,6,3,3,0,0,2,0,0,0
-0.186207,6,3,3,2,3,2,0,1,0
-0.222222,5,0,0,0,0,0,0,0,0
-0.193548,5,0,0,0,0,0,0,0,0
-0.028721,5,0,0,0,0,0,0,0,0
-0.226415,5,0,0,0,0,0,0,0,0
-0.193548,5,0,0,0,0,0,0,0,0
# Search ID 4
-0.028389,4,0,0,0,0,0,0,0,0
-0.203390,5,0,0,0,0,0,0,0,0
-0.181818,5,0,0,0,0,0,0,0,0
-0.230769,5,0,0,0,0,0,0,0,0
-0.105769,5,0,0,0,0,0,0,0,0
-0.124324,5,0,0,0,0,0,0,0,0
-0.060071,5,0,0,0,0,0,0,0,0
-0.076923,5,0,0,0,0,0,0,0,0
-0.214286,5,2,3,0,0,1,0,0,0
-0.139394,5,0,0,0,0,0,0,0,0
0.035162,5,0,0,0,0,0,0,0,0
-0.230769,5,0,0,0,0,0,0,0,0
-0.095890,5,0,0,0,0,0,0,0,0
-0.052980,5,2,3,0,0,1,0,0,0
0.007692,5,0,0,0,0,0,0,0,0
0.019934,5,3,2,0,0,1,0,0,0
-0.052288,5,0,0,0,0,0,0,0,0
-0.060071,5,0,0,0,0,0,0,0,0
0.033189,5,0,0,0,0,0,0,0,0
0.096189,5,0,0,0,0,0,0,0,0
-0.084507,6,0,0,0,0,0,0,0,0
-0.080292,6,0,0,3,3,0,0,2,0
-0.045045,6,0,0,0,0,0,0,0,0
-0.072000,6,0,0,0,0,0,0,0,0
-0.037736,6,0,0,0,0,0,0,0,0
-0.110000,5,0,0,0,0,0,0,0,0
-0.226415,5,0,0,0,0,0,0,0,0
0.035162,5,2,2,0,0,1,0,0,0
-0.065217,5,0,0,0,0,0,0,0,0
-0.096774,5,0,0,0,0,0,0,0,0
-0.083333,5,0,0,0,0,0,0,0,0
-0.169014,5,0,0,0,0,0,0,0,0
-0.004310,5,0,0,0,0,0,0,0,0
-0.053691,5,0,0,0,0,0,0,0,0
-0.164384,5,0,0,0,0,0,0,0,0
-0.173913,5,0,0,0,0,0,0,0,0
# Search ID 5
0.012188,4,0,0,0,0,0,0,0,0
-0.122581,5,0,0,0,0,0,0,0,0
-0.147059,5,0,0,0,0,0,0,0,0
-0.142857,5,0,0,0,0,0,0,0,0
-0.136986,5,0,0,0,0,0,0,0,0
-0.131579,5,0,0,0,0,0,0,0,0
-0.008696,5,0,0,0,0,0,0,0,0
0.042403,5,3,2,0,0,1,0,0,0
-0.018868,5,0,0,0,0,0,0,0,0
-0.008746,5,0,0,0,0,0,0,0,0
-0.060870,5,0,0,0,0,0,0,0,0
-0.138889,5,0,0,0,0,0,0,0,0
-0.067265,5,2,3,0,0,1,0,0,0
0.007444,5,0,0,0,0,0,0,0,0
-0.018987,5,0,0,0,0,0,0,0,0
-0.085427,5,0,0,0,0,0,0,0,0
-0.196262,5,0,0,0,0,0,0,0,0
0.110962,5,3,2,0,0,1,0,0,0
-0.046729,6,0,0,0,0,0,0,0,0
-0.099338,6,0,0,0,0,0,0,0,0
-0.090909,5,0,0,0,0,0,0,0,0
-0.136986,5,0,0,0,0,0,0,0,0
0.112076,5,2,2,0,0,1,0,0,0
0.128280,5,2,2,0,0,1,0,0,0
-0.065868,6,2,2,2,2,1,0,1,0
-0.092199,6,2,2,0,0,1,0,0,0
0.054545,6,2,2,2,3,1,0,1,0
-0.006623,6,0,0,0,0,0,0,0,0
-0.077670,5,0,0,0,0,0,0,0,0
-0.203883,5,0,0,0,0,0,0,0,0
-0.118012,5,0,0,0,0,0,0,0,0
# Search ID 6
0.407319,6,0,0,0,0,0,0,0,0
0.252874,7,0,0,0,0,0,0,0,0
0.283019,7,3,2,0,0,1,0,0,0
0.252874,7,0,0,0,0,0,0,0,0
0.224490,7,0,0,0,0,0,0,0,0
0.341538,7,0,0,0,0,0,0,0,0
0.391969,7,0,0,0,0,0,0,0,0
0.390476,7,2,3,0,0,1,0,0,0
-0.074380,8,2,3,2,3,1,0,1,0
0.219858,7,0,0,0,0,0,0,0,0
0.464236,7,3,2,0,0,1,0,0,0
0.310345,8,3,2,0,0,1,0,0,0
0.184314,8,0,0,0,0,0,0,0,0
0.254237,7,0,0,0,0,0,0,0,0
0.153846,7,2,3,0,0,1,0,0,0
0.369668,7,2,2,0,0,1,0,0,0
0.565551,7,0,0,0,0,0,0,0,0
0.623762,8,0,0,2,2,0,0,1,0
0.528736,8,0,0,0,0,0,0,0,0
0.424870,8,0,0,2,3,0,0,1,0
1.000000,9,2,3,2,3,1,0,1,0
0.603604,8,0,0,0,0,0,0,0,0
0.522222,8,0,0,3,2,0,0,1,0
0.463768,8,0,0,0,0,0,0,0,0
0.424870,8,0,0,2,2,0,0,1,0
1.000000,9,0,0,2,2,0,0,1,0
0.497630,8,0,0,0,0,0,0,0,0
0.603604,8,0,0,0,0,0,0,0,0
0.540373,8,0,0,0,0,0,0,0,0
0.560284,8,0,0,0,0,0,0,0,0
0.565217,8,0,0,0,0,0,0,0,0
0.600000,8,0,0,2,2,0,0,1,0
0.586777,8,0,0,0,0,0,0,0,0
0.281553,7,2,2,0,0,1,0,0,0
0.203125,7,0,0,0,0,0,0,0,0
0.231788,7,0,0,0,0,0,0,0,0
0.328814,7,3,2,0,0,1,0,0,0
0.247059,7,0,0,0,0,0,0,0,0
0.263736,7,0,0,0,0,0,0,0,0
0.186441,7,2,3,0,0,1,0,0,0
0.163636,7,0,0,0,0,0,0,0,0
# Search ID 7
0.127749,7,0,0,3,2,0,0,1,0
0.278481,8,0,0,3,2,0,0,1,0
0.066925,8,0,0,3,2,0,0,1,0
0.357576,9,0,0,3,2,0,0,1,0
0.075082,8,0,0,3,2,0,0,1,0
0.292517,8,0,0,3,2,0,0,1,0
0.284768,8,0,0,3,2,0,0,1,0
0.281046,8,0,0,3,2,0,0,1,0
0.292517,8,0,0,3,2,0,0,1,0
0.268293,8,0,0,3,2,0,0,1,0
0.278481,8,0,0,3,2,0,0,1,0
0.268293,8,0,0,5,3,0,0,2,0
0.282051,8,0,0,3,2,0,0,1,0
0.028120,8,0,0,3,3,0,0,2,0
0.020000,9,0,0,3,3,0,0,2,0
0.291362,9,0,0,0,0,0,0,0,0
0.141463,9,3,3,3,3,2,0,2,0
0.074627,9,0,0,3,2,0,0,1,0
0.037037,9,0,0,3,3,0,0,2,0
0.125249,8,0,0,0,0,0,0,0,0
0.352381,8,0,0,0,0,0,0,0,0
0.269461,8,0,0,3,2,0,0,1,0
0.230769,8,0,0,3,2,0,0,1,0
0.021804,8,0,0,3,2,0,0,1,0
0.264733,9,2,2,3,2,1,0,1,0
-0.024155,10,2,2,3,2,1,0,1,0
0.012987,10,2,2,3,2,1,0,1,0
0.104762,9,0,0,3,2,0,0,1,0
0.292517,8,0,0,3,2,0,0,1,0
0.238579,8,0,0,3,2,0,0,1,0
0.257862,8,0,0,3,2,0,0,1,0
0.281046,8,0,0,3,2,0,0,1,0
0.327869,8,0,0,3,2,0,0,1,0
# Search ID 8
-0.036889,7,0,0,0,0,0,0,0,0
0.141026,8,0,0,0,0,0,0,0,0
0.075630,8,0,0,3,2,0,0,1,0
0.132530,8,0,0,0,0,0,0,0,0
0.152318,8,0,0,0,0,0,0,0,0
-0.011673,8,0,0,0,0,0,0,0,0
0.186992,8,0,0,0,0,0,0,0,0
0.196581,8,0,0,0,0,0,0,0,0
0.090909,8,0,0,0,0,0,0,0,0
0.154362,8,0,0,0,0,0,0,0,0
0.181102,8,0,0,3,2,0,0,1,0
-0.149945,8,0,0,0,0,0,0,0,0
-0.299270,9,0,0,0,0,0,0,0,0
-0.339450,9,0,0,0,0,0,0,0,0
-0.245902,9,0,0,0,0,0,0,0,0
-0.322034,9,2,4,0,0,2,0,0,0
-0.095930,9,0,0,0,0,0,0,0,0
-0.442308,10,0,0,0,0,0,0,0,0
-0.286713,9,0,0,0,0,0,0,0,0
-0.242105,9,0,0,0,0,0,0,0,0
-0.276316,9,0,0,0,0,0,0,0,0
-0.333333,9,0,0,0,0,0,0,0,0
-0.276316,9,0,0,0,0,0,0,0,0
-0.006150,9,0,0,0,0,0,0,0,0
0.045045,10,0,0,0,0,0,0,0,0
0.056604,10,0,0,0,0,0,0,0,0
0.007194,10,0,0,0,0,0,0,0,0
-0.204762,10,0,0,2,2,0,0,1,0
0.055556,11,0,0,2,2,0,0,1,0
0.120482,11,0,0,0,0,0,0,0,0
-0.043011,10,0,0,0,0,0,0,0,0
0.044248,10,0,0,0,0,0,0,0,0
0.015625,10,0,0,3,3,0,0,2,0
-0.028902,10,0,0,0,0,0,0,0,0
-0.132468,10,0,0,0,0,0,0,0,0
-0.267081,9,0,0,0,0,0,0,0,0
0.142857,8,0,0,0,0,0,0,0,0
0.200000,8,0,0,0,0,0,0,0,0
0.109948,8,0,0,0,0,0,0,0,0
0.134146,8,0,0,2,2,0,0,1,0
# Search ID 9
0.133633,10,0,0,3,3,0,0,2,0
-0.069767,11,0,0,3,3,0,0,2,0
-0.068702,11,0,0,3,3,0,0,2,0
0.046512,11,0,0,3,3,0,0,2,0
0.026786,11,0,0,3,3,0,0,2,0
-0.017964,11,0,0,3,3,0,0,2,0
0.043825,11,3,2,3,3,1,0,2,0
0.100244,11,0,0,3,3,0,0,2,0
-0.097345,11,0,0,3,3,0,0,2,0
-0.084746,11,2,3,3,3,1,0,2,0
0.092838,11,0,0,3,3,0,0,2,0
0.216524,11,0,0,0,0,0,0,0,0
-0.066667,12,0,0,0,0,0,0,0,0
0.072100,11,0,0,2,2,0,0,1,0
0.136986,11,0,0,3,3,0,0,2,0
0.238894,11,3,3,3,3,2,0,2,0
0.281250,12,3,3,3,3,2,0,2,0
0.290323,12,3,3,5,4,2,0,3,0
0.278195,12,3,3,3,3,2,0,2,0
0.256757,12,3,3,4,4,2,0,4,0
0.266187,12,3,3,3,3,2,0,2,0
0.041456,12,2,2,3,3,1,0,2,0
0.317919,13,2,2,3,3,1,0,2,0
0.151899,12,2,2,3,3,1,0,2,0
0.285714,12,2,2,3,2,1,0,1,0
0.238095,12,2,2,3,3,1,0,2,0
0.175858,11,0,0,3,2,0,0,1,0
-0.154812,12,0,0,0,0,0,0,0,0
0.026786,11,3,2,3,3,1,0,2,0
-0.084746,11,0,0,3,3,0,0,2,0
0.109589,11,0,0,3,3,0,0,2,0
-0.117647,11,0,0,3,3,0,0,2,0
# Search ID 10
0.323741,7,3,2,0,0,1,0,0,0
0.543860,8,3,2,0,0,1,0,0,0
0.481013,8,3,2,0,0,1,0,0,0
0.214426,8,3,2,2,3,1,0,1,0
0.166667,9,3,2,2,3,1,0,1,0
0.212121,9,3,2,0,0,1,0,0,0
0.427896,9,3,2,2,3,1,0,1,0
0.137615,10,3,2,2,3,1,0,1,0
0.166667,9,3,2,2,3,1,0,1,0
0.337423,9,3,2,0,0,1,0,0,0
0.219858,9,3,2,2,3,1,0,1,0
0.181818,9,3,2,2,3,1,0,1,0
0.235669,9,3,2,2,3,1,0,1,0
0.165049,9,3,2,2,3,1,0,1,0
0.397059,8,3,2,0,0,1,0,0,0
0.538462,8,3,2,0,0,1,0,0,0
0.515152,8,3,2,0,0,1,0,0,0
0.373860,8,3,2,0,0,1,0,0,0
0.373860,8,3,2,0,0,1,0,0,0
1.000000,9,3,2,0,0,1,0,0,0
0.481013,8,3,2,2,3,1,0,1,0
0.515152,8,3,2,0,0,1,0,0,0
0.538462,8,3,2,0,0,1,0,0,0
0.564356,8,3,2,3,2,1,0,1,0
0.555556,8,3,2,3,2,1,0,1,0
0.467456,8,3,2,0,0,1,0,0,0
0.500000,8,3,2,2,2,1,0,1,0
0.460674,8,3,2,2,2,1,0,1,0
0.251135,8,0,0,0,0,0,0,0,0
0.403846,9,3,3,0,0,2,0,0,0
0.476510,9,0,0,0,0,0,0,0,0
0.231976,8,0,0,0,0,0,0,0,0
0.261261,9,3,3,0,0,2,0,0,0
0.280000,9,0,0,0,0,0,0,0,0
0.494860,9,0,0,0,0,0,0,0,0
0.252336,9,0,0,0,0,0,0,0,0
0.281250,9,0,0,0,0,0,0,0,0
0.555556,8,3,2,0,0,1,0,0,0
0.538462,8,3,2,0,0,1,0,0,0
0.478261,8,3,2,0,0,1,0,0,0
0.523810,8,3,2,0,0,1,0,0,0
# Search ID 11
0.336926,6,0,0,3,2,0,0,1,0
0.048544,7,0,0,3,2,0,0,1,0
0.129870,7,0,0,3,2,0,0,1,0
0.432394,7,3,2,3,2,1,0,1,0
0.423729,8,3,2,3,2,1,0,1,0
0.304147,8,3,2,3,2,1,0,1,0
0.396226,9,4,2,3,2,2,0,1,0
0.380000,9,0,0,3,2,0,0,1,0
0.418803,9,3,2,3,2,1,0,1,0
0.410714,9,3,2,3,2,1,0,1,0
0.447761,9,5,4,3,2,3,0,1,0
0.606838,8,3,2,3,2,1,0,1,0
0.606838,8,3,2,4,4,1,0,2,0
0.626168,8,3,2,4,2,1,0,2,0
0.626168,8,3,2,3,2,1,0,1,0
0.339705,8,0,0,3,2,0,0,1,0
0.680328,9,0,0,3,2,0,0,1,0
0.330821,8,0,0,3,2,0,0,1,0
0.651347,9,0,0,3,2,0,0,1,0
0.614035,8,3,2,3,2,1,0,1,0
0.530726,8,3,2,3,2,1,0,1,0
0.500000,8,3,2,3,3,1,0,3,0
0.634615,8,3,2,0,0,1,0,0,0
0.465278,8,3,2,3,2,1,0,1,0
0.426434,8,3,2,3,2,1,0,1,0
1.000000,9,3,2,3,2,1,0,1,0
0.509615,8,3,2,3,2,1,0,1,0
0.596774,8,3,2,3,2,1,0,1,0
0.606838,8,3,2,3,2,1,0,1,0
0.196581,7,0,0,3,2,0,0,1,0
0.048544,7,0,0,0,0,0,0,0,0
0.088000,7,0,0,3,2,0,0,1,0
0.109489,7,0,0,3,2,0,0,1,0
0.070175,7,0,0,3,2,0,0,1,0
0.057692,7,0,0,3,2,0,0,1,0
# Search ID 12
0.032078,6,0,0,3,2,0,0,1,0
-0.079545,7,0,0,3,2,0,0,1,0
-0.184466,7,0,0,3,2,0,0,1,0
-0.142857,7,0,0,3,2,0,0,1,0
-0.157895,7,2,3,3,2,1,0,1,0
-0.136364,7,0,0,3,2,0,0,1,0
-0.136364,7,2,3,3,2,1,0,1,0
-0.150000,7,0,0,3,2,0,0,1,0
-0.066667,7,0,0,3,2,0,0,1,0
0.011628,7,0,0,3,2,0,0,1,0
-0.124088,7,2,3,3,2,1,0,1,0
-0.089820,7,0,0,3,2,0,0,1,0
0.136816,7,0,0,3,2,0,0,1,0
0.028571,8,0,0,3,2,0,0,1,0
-0.130159,8,0,0,3,4,0,0,2,0
-0.032680,8,0,0,3,3,0,0,3,0
0.088542,7,3,3,3,2,2,0,1,0
-0.043860,7,0,0,3,2,0,0,1,0
-0.171171,7,0,0,3,2,0,0,1,0
0.135057,7,3,2,3,2,1,0,1,0
-0.070588,8,0,0,3,2,0,0,1,0
-0.057325,8,0,0,3,2,0,0,1,0
-0.105263,8,3,2,3,3,1,0,2,0
0.036866,7,0,0,3,2,0,0,1,0
-0.003279,7,0,0,3,2,0,0,1,0
-0.097561,7,0,0,0,0,0,0,0,0
-0.068783,7,0,0,0,0,0,0,0,0
0.067340,7,0,0,3,2,0,0,1,0
-0.404959,8,0,0,4,4,0,0,2,0
0.075269,7,0,0,3,2,0,0,1,0
-0.365854,8,0,0,4,4,0,0,2,0
0.085482,7,0,0,3,2,0,0,1,0
-0.317073,8,0,0,4,4,0,0,2,0
-0.066667,7,0,0,3,2,0,0,1,0
-0.068063,7,0,0,3,2,0,0,1,0
-0.010309,7,0,0,3,2,0,0,1,0
-0.074468,7,0,0,3,2,0,0,1,0
# Search ID 13
-0.523886,6,0,0,2,3,0,0,1,0
-0.736842,7,0,0,2,3,0,0,1,0
-0.743119,7,0,0,2,3,0,0,1,0
-0.728814,7,0,0,2,3,0,0,1,0
-0.697842,7,0,0,2,3,0,0,1,0
-0.762376,7,0,0,2,3,0,0,1,0
-0.762376,7,2,2,2,3,1,0,1,0
-0.736842,7,0,0,2,3,0,0,1,0
-0.668712,7,0,0,2,3,0,0,1,0
-0.601562,7,0,0,2,3,0,0,1,0
-0.709924,7,0,0,2,3,0,0,1,0
-0.709924,7,0,0,2,3,0,0,1,0
-0.595506,7,0,0,2,3,0,0,1,0
-0.546798,7,0,0,2,3,0,0,1,0
-0.682119,7,0,0,2,3,0,0,1,0
-0.692308,7,0,0,2,3,0,0,1,0
-0.409481,7,0,0,2,3,0,0,1,0
-0.435583,8,0,0,4,5,0,0,2,0
-0.383333,8,0,0,2,3,0,0,1,0
-0.392000,8,0,0,2,3,0,0,1,0
-0.568710,8,0,0,2,3,0,0,1,0
-0.388430,8,0,0,3,3,0,0,3,0
-0.484444,8,0,0,2,3,0,0,1,0
-0.606557,8,0,0,2,3,0,0,1,0
-0.358491,8,0,0,2,3,0,0,1,0
-0.703704,7,0,0,2,3,0,0,1,0
-0.650273,7,0,0,2,3,0,0,1,0
-0.432086,7,0,0,0,0,0,0,0,0
-0.565789,8,0,0,0,0,0,0,0,0
-0.707527,8,0,0,0,0,0,0,0,0
-0.613734,7,0,0,2,3,0,0,1,0
-0.728814,7,0,0,2,3,0,0,1,0
-0.448158,7,0,0,0,0,0,0,0,0
-0.738693,8,0,0,0,0,0,0,0,0
-0.728814,7,0,0,2,3,0,0,1,0
# Search ID 14
-0.053873,4,0,0,0,0,0,0,0,0
-0.197183,5,0,0,0,0,0,0,0,0
-0.130841,5,0,0,0,0,0,0,0,0
-0.116883,5,0,0,0,0,0,0,0,0
-0.153846,5,0,0,0,0,0,0,0,0
-0.076923,5,0,0,0,0,0,0,0,0
-0.229508,5,0,0,0,0,0,0,0,0
-0.208955,5,3,2,0,0,1,0,0,0
-0.189189,5,0,0,0,0,0,0,0,0
-0.098485,5,0,0,0,0,0,0,0,0
-0.038031,5,0,0,0,0,0,0,0,0
-0.099237,5,0,0,0,0,0,0,0,0
-0.114894,5,0,0,0,0,0,0,0,0
-0.118943,5,0,0,0,0,0,0,0,0
-0.127273,5,2,3,0,0,1,0,0,0
-0.120000,5,0,0,0,0,0,0,0,0
-0.050000,5,0,0,0,0,0,0,0,0
-0.233333,5,0,0,0,0,0,0,0,0
-0.145833,5,0,0,0,0,0,0,0,0
0.047836,5,0,0,0,0,0,0,0,0
-0.060773,5,3,2,0,0,1,0,0,0
-0.134615,5,0,0,0,0,0,0,0,0
-0.065527,5,0,0,0,0,0,0,0,0
0.077666,5,2,2,0,0,1,0,0,0
0.009009,6,2,2,2,3,1,0,1,0
-0.016129,6,2,2,0,0,1,0,0,0
-0.000000,6,2,2,2,2,1,0,1,0
-0.008130,6,2,2,3,2,1,0,1,0
0.009009,6,2,2,0,0,1,0,0,0
0.018519,6,2,2,0,0,1,0,0,0
-0.119048,6,0,0,0,0,0,0,0,0
0.009009,6,2,2,0,0,1,0,0,0
-0.152174,5,2,2,0,0,1,0,0,0
-0.109312,5,0,0,0,0,0,0,0,0
-0.055409,5,0,0,0,0,0,0,0,0
-0.170732,5,0,0,0,0,0,0,0,0
-0.238938,5,0,0,0,0,0,0,0,0
# Search ID 15
0.152339,5,2,2,0,0,1,0,0,0
0.207273,6,2,2,0,0,1,0,0,0
0.198653,6,2,2,0,0,1,0,0,0
0.272727,6,2,2,0,0,1,0,0,0
0.238532,6,2,2,0,0,1,0,0,0
0.302013,6,2,2,0,0,1,0,0,0
0.262032,6,2,2,2,3,1,0,1,0
0.328244,6,2,2,0,0,1,0,0,0
0.153846,6,2,2,0,0,1,0,0,0
0.140000,6,2,2,0,0,1,0,0,0
0.239819,6,2,2,2,2,1,0,1,0
0.294872,6,2,2,0,0,1,0,0,0
0.364486,6,2,2,0,0,1,0,0,0
0.357143,6,2,2,2,3,1,0,1,0
0.027913,6,0,0,0,0,0,0,0,0
0.062500,7,0,0,0,0,0,0,0,0
0.125000,7,0,0,0,0,0,0,0,0
0.009901,7,0,0,0,0,0,0,0,0
0.134615,7,0,0,0,0,0,0,0,0
0.128205,7,2,3,0,0,1,0,0,0
0.201117,7,0,0,0,0,0,0,0,0
0.107143,7,0,0,0,0,0,0,0,0
0.149123,7,0,0,0,0,0,0,0,0
0.103030,7,0,0,0,0,0,0,0,0
0.318519,6,2,2,0,0,1,0,0,0
0.237668,6,2,2,0,0,1,0,0,0
0.166667,6,0,0,0,0,0,0,0,0
0.298701,6,2,2,2,2,1,0,1,0
0.364486,6,2,2,0,0,1,0,0,0
0.094959,6,2,2,0,0,1,0,0,0
0.398230,7,2,2,0,0,1,0,0,0
0.060029,6,2,2,0,0,1,0,0,0
0.326425,7,2,2,0,0,1,0,0,0
0.350877,6,2,2,3,2,1,0,1,0
0.318519,6,2,2,0,0,1,0,0,0
0.333333,6,2,2,0,0,1,0,0,0
# Search ID 16
0.385578,6,0,0,3,2,0,0,1,0
0.076923,7,0,0,3,2,0,0,1,0
0.112676,7,0,0,3,2,0,0,1,0
0.487990,7,3,2,3,2,1,0,1,0
0.676190,8,3,2,4,4,1,0,2,0
0.650000,8,3,2,3,2,1,0,1,0
0.676190,8,3,2,3,2,1,0,1,0
0.562189,8,3,2,4,4,1,0,3,0
0.663717,8,3,2,3,2,1,0,1,0
0.600000,8,3,2,3,2,1,0,1,0
0.627907,8,3,2,3,2,1,0,1,0
0.669725,8,3,2,3,2,1,0,1,0
0.581921,8,3,2,3,2,1,0,1,0
0.633588,8,3,2,3,2,1,0,1,0
0.650000,8,3,2,3,4,1,0,4,0
0.613793,8,3,2,0,0,1,0,0,0
0.353890,8,0,0,0,0,0,0,0,0
0.598875,9,0,0,0,0,0,0,0,0
0.292929,10,0,0,0,0,0,0,0,0
0.376281,8,0,0,3,2,0,0,1,0
0.697917,9,0,0,0,0,0,0,0,0
0.645161,8,3,2,3,2,1,0,1,0
0.613793,8,3,2,3,2,1,0,1,0
0.637795,8,3,2,3,2,1,0,1,0
0.629630,8,3,2,3,2,1,0,1,0
0.546667,8,3,2,4,4,1,0,2,0
0.607843,8,3,2,3,2,1,0,1,0
0.510204,8,3,2,3,2,1,0,1,0
0.465438,8,3,2,3,2,1,0,1,0
1.000000,9,3,2,3,2,1,0,1,0
0.567010,8,3,2,3,2,1,0,1,0
0.619718,8,3,2,3,2,1,0,1,0
0.669725,8,3,2,3,2,1,0,1,0
0.576087,8,3,2,5,3,1,0,2,0
0.506579,8,3,2,3,2,1,0,1,0
0.541126,8,3,2,3,2,1,0,1,0
0.629630,8,3,2,3,2,1,0,1,0
0.104478,7,0,0,3,2,0,0,1,0
0.124183,7,2,3,3,2,1,0,1,0
0.070175,7,0,0,0,0,0,0,0,0
0.049505,7,2,2,3,2,1,0,1,0
0.063063,7,0,0,3,2,0,0,1,0
# Search ID 17
0.936832,6,0,0,0,0,0,0,0,0
1.000000,7,3,2,0,0,1,0,0,0
1.000000,7,3,2,0,0,1,0,0,0
# Search ID 18
-0.511044,13,0,0,0,0,0,0,0,0
-0.347150,14,0,0,0,0,0,0,0,0
-0.361111,14,0,0,0,0,0,0,0,0
-0.361111,14,0,0,0,0,0,0,0,0
-0.346734,14,0,0,2,3,0,0,1,0
-0.240741,14,0,0,0,0,0,0,0,0
-0.358852,14,0,0,0,0,0,0,0,0
-0.388235,14,0,0,0,0,0,0,0,0
-0.439394,14,0,0,0,0,0,0,0,0
-0.311688,14,0,0,0,0,0,0,0,0
-0.240741,14,0,0,2,3,0,0,1,0
-0.534847,14,0,0,2,3,0,0,1,0
-0.393939,15,0,0,2,3,0,0,1,0
-0.305699,15,0,0,0,0,0,0,0,0
-0.379310,15,3,2,2,3,1,0,1,0
-0.618977,14,0,0,0,0,0,0,0,0
-0.683060,15,0,0,0,0,0,0,0,0
-0.769912,15,0,0,0,0,0,0,0,0
-0.703704,15,0,0,0,0,0,0,0,0
-0.698795,15,0,0,0,0,0,0,0,0
-0.754098,15,0,0,0,0,0,0,0,0
-0.786408,15,3,2,0,0,1,0,0,0
-0.733333,15,0,0,0,0,0,0,0,0
-0.620690,15,0,0,0,0,0,0,0,0
-0.722222,15,0,0,0,0,0,0,0,0
-0.740458,15,2,3,0,0,1,0,0,0
-0.665072,15,0,0,0,0,0,0,0,0
-0.656109,15,0,0,0,0,0,0,0,0
-0.493870,15,0,0,0,0,0,0,0,0
-0.776190,16,0,0,0,0,0,0,0,0
-0.571744,15,3,2,0,0,1,0,0,0
-1.000000,16,3,2,0,0,1,0,0,0
-0.665072,15,0,0,0,0,0,0,0,0
-0.516459,15,0,0,0,0,0,0,0,0
-0.829016,16,0,0,0,0,0,0,0,0
-0.683060,15,0,0,0,0,0,0,0,0
-0.680851,15,0,0,0,0,0,0,0,0
-0.302632,14,0,0,0,0,0,0,0,0
-0.409091,14,0,0,0,0,0,0,0,0
-0.307692,14,0,0,2,2,0,0,1,0
# Search ID 19
-0.285814,5,0,0,0,0,0,0,0,0
-0.017857,6,0,0,0,0,0,0,0,0
-0.095238,6,0,0,0,0,0,0,0,0
-0.379549,6,0,0,0,0,0,0,0,0
-0.523810,7,0,0,0,0,0,0,0,0
-0.515152,7,3,2,0,0,1,0,0,0
-0.496599,7,0,0,0,0,0,0,0,0
-0.447236,7,0,0,0,0,0,0,0,0
-0.470588,7,0,0,0,0,0,0,0,0
-0.515152,7,2,2,0,0,1,0,0,0
-0.496599,7,0,0,0,0,0,0,0,0
-0.500000,7,0,0,0,0,0,0,0,0
-0.484277,7,2,3,0,0,1,0,0,0
-0.468208,7,0,0,0,0,0,0,0,0
-0.468208,7,0,0,0,0,0,0,0,0
-0.568627,7,0,0,0,0,0,0,0,0
-0.390164,7,0,0,0,0,0,0,0,0
-0.376093,7,0,0,0,0,0,0,0,0
-1.000000,8,0,0,2,3,0,0,1,0
-0.379939,7,0,0,0,0,0,0,0,0
-0.284188,7,0,0,0,0,0,0,0,0
-0.615385,8,0,0,0,0,0,0,0,0
-0.291080,7,0,0,0,0,0,0,0,0
-0.577982,8,0,0,0,0,0,0,0,0
-0.376471,7,3,2,0,0,1,0,0,0
-0.447236,7,0,0,0,0,0,0,0,0
-0.241555,7,0,0,0,0,0,0,0,0
-0.385965,8,0,0,2,2,0,0,1,0
-0.360000,8,0,0,2,3,0,0,1,0
-0.430556,8,0,0,0,0,0,0,0,0
-0.415385,8,0,0,2,3,0,0,1,0
-0.380368,7,0,0,0,0,0,0,0,0
-0.447236,7,0,0,0,0,0,0,0,0
-0.459459,7,0,0,0,0,0,0,0,0
-0.496599,7,0,0,0,0,0,0,0,0
-0.555556,7,0,0,0,0,0,0,0,0
-0.568627,7,0,0,0,0,0,0,0,0
# Search ID 20
0.401720,6,0,0,0,0,0,0,0,0
0.148148,7,0,0,0,0,0,0,0,0
0.269231,7,3,2,0,0,1,0,0,0
0.187970,7,0,0,0,0,0,0,0,0
0.322581,7,2,2,0,0,1,0,0,0
0.309353,7,2,2,0,0,1,0,0,0
0.288703,7,0,0,0,0,0,0,0,0
0.177419,7,3,2,0,0,1,0,0,0
0.236994,7,0,0,0,0,0,0,0,0
0.512605,7,3,2,0,0,1,0,0,0
0.612403,8,3,2,0,0,1,0,0,0
0.512397,8,3,2,0,0,1,0,0,0
0.558282,8,3,2,3,2,1,0,1,0
0.570552,8,3,2,3,2,1,0,1,0
0.524664,8,3,2,0,0,1,0,0,0
0.450122,8,3,2,0,0,1,0,0,0
1.000000,9,3,2,0,0,1,0,0,0
0.500000,8,3,2,0,0,1,0,0,0
0.543147,8,3,2,0,0,1,0,0,0
0.527273,8,3,2,2,3,1,0,1,0
0.660000,8,3,2,0,0,1,0,0,0
0.639640,8,3,2,2,2,1,0,1,0
0.369272,8,0,0,0,0,0,0,0,0
0.701961,9,0,0,0,0,0,0,0,0
0.377961,8,0,0,0,0,0,0,0,0
0.751553,9,0,0,0,0,0,0,0,0
0.589041,8,3,2,0,0,1,0,0,0
0.222930,7,0,0,0,0,0,0,0,0
0.448864,7,3,2,0,0,1,0,0,0
0.253165,8,3,2,0,0,1,0,0,0
0.167347,8,0,0,0,0,0,0,0,0
0.234286,8,0,0,0,0,0,0,0,0
0.162393,7,0,0,0,0,0,0,0,0
0.239766,7,0,0,0,0,0,0,0,0
# Search ID 21
0.200200,9,0,0,0,0,0,0,0,0
0.434783,10,0,0,0,0,0,0,0,0
0.456000,10,0,0,2,3,0,0,1,0
0.114221,10,0,0,2,2,0,0,1,0
-0.084746,11,0,0,2,2,0,0,1,0
-0.097345,11,0,0,2,2,0,0,1,0
-0.100917,11,2,3,2,2,1,0,1,0
-0.095652,11,0,0,2,2,0,0,1,0
0.201661,11,0,0,2,2,0,0,1,0
0.086957,12,0,0,2,2,0,0,1,0
0.134615,12,0,0,2,2,0,0,1,0
0.100775,12,0,0,0,0,0,0,0,0
-0.032864,12,0,0,2,4,0,0,2,0
0.127273,12,0,0,2,2,0,0,1,0
-0.097345,11,0,0,2,2,0,0,1,0
-0.084746,11,2,2,2,2,1,0,1,0
-0.095652,11,0,0,2,2,0,0,1,0
0.204265,11,0,0,0,0,0,0,0,0
-0.050218,12,0,0,0,0,0,0,0,0
0.240642,13,0,0,0,0,0,0,0,0
0.208054,13,0,0,0,0,0,0,0,0
0.211284,11,2,2,2,2,1,0,1,0
0.028340,12,0,0,0,0,0,0,0,0
-0.029333,12,2,2,2,2,1,0,1,0
0.099057,11,0,0,0,0,0,0,0,0
-0.425150,12,0,0,0,0,0,0,0,0
0.130435,11,0,0,2,2,0,0,1,0
0.432624,10,0,0,0,0,0,0,0,0
0.401198,10,0,0,3,2,0,0,1,0
0.335907,10,0,0,0,0,0,0,0,0
# Search ID 22
-0.938849,9,0,0,2,3,0,0,1,0
-1.000000,10,0,0,3,5,0,0,2,0
-1.000000,10,0,0,2,3,0,0,1,0
-1.000000,10,0,0,2,3,0,0,1,0
# Search ID 23
0.148877,6,0,0,0,0,0,0,0,0
-0.053571,7,0,0,0,0,0,0,0,0
0.198444,7,0,0,0,0,0,0,0,0
0.100346,7,0,0,0,0,0,0,0,0
0.114458,7,0,0,0,0,0,0,0,0
0.273043,7,3,2,0,0,1,0,0,0
0.101523,8,3,2,0,0,1,0,0,0
0.175355,8,3,2,0,0,1,0,0,0
0.258065,8,0,0,0,0,0,0,0,0
0.090395,8,0,0,0,0,0,0,0,0
0.226667,8,3,2,0,0,1,0,0,0
0.232877,8,3,2,0,0,1,0,0,0
0.202312,8,3,2,0,0,1,0,0,0
0.289720,8,3,2,0,0,1,0,0,0
0.133159,7,0,0,0,0,0,0,0,0
0.198966,7,3,2,0,0,1,0,0,0
0.181675,7,0,0,0,0,0,0,0,0
0.023529,7,0,0,0,0,0,0,0,0
-0.030769,7,0,0,0,0,0,0,0,0
0.085271,7,2,2,0,0,1,0,0,0
0.174439,7,2,3,0,0,1,0,0,0
0.166979,7,0,0,0,0,0,0,0,0
-0.022556,7,0,0,0,0,0,0,0,0
0.012500,7,3,2,0,0,1,0,0,0
-0.080000,7,0,0,0,0,0,0,0,0
-0.080000,7,0,0,0,0,0,0,0,0
-0.052632,7,3,3,0,0,2,0,0,0
0.117647,7,0,0,0,0,0,0,0,0
-0.014493,7,2,2,0,0,1,0,0,0
0.037037,7,0,0,0,0,0,0,0,0
0.045685,7,3,2,0,0,1,0,0,0
0.006452,7,0,0,0,0,0,0,0,0
# Search ID 24
-0.156359,6,0,0,0,0,0,0,0,0
-0.371429,7,0,0,0,0,0,0,0,0
-0.291139,7,0,0,0,0,0,0,0,0
-0.378641,7,0,0,0,0,0,0,0,0
-0.239819,7,0,0,0,0,0,0,0,0
-0.314286,7,0,0,0,0,0,0,0,0
-0.268817,7,4,4,0,0,2,0,0,0
-0.230126,7,0,0,0,0,0,0,0,0
-0.111425,7,0,0,0,0,0,0,0,0
-0.251232,7,0,0,0,0,0,0,0,0
-0.173913,7,0,0,0,0,0,0,0,0
-0.282353,7,0,0,0,0,0,0,0,0
-0.100737,7,2,2,0,0,1,0,0,0
-0.411765,8,2,2,0,0,1,0,0,0
-0.109589,7,0,0,0,0,0,0,0,0
-0.163814,7,0,0,0,0,0,0,0,0
-0.247619,7,0,0,0,0,0,0,0,0
-0.031602,7,0,0,0,0,0,0,0,0
-0.080292,8,0,0,0,0,0,0,0,0
-0.155280,8,0,0,3,2,0,0,1,0
-0.144231,8,0,0,0,0,0,0,0,0
-0.070866,8,0,0,2,3,0,0,1,0
-0.020000,8,0,0,2,3,0,0,1,0
-0.075758,8,0,0,2,2,0,0,1,0
-0.037037,8,0,0,3,2,0,0,1,0
-0.064516,8,0,0,2,2,0,0,1,0
-0.218329,8,0,0,0,0,0,0,0,0
-0.037037,8,0,0,0,0,0,0,0,0
-0.224000,7,0,0,0,0,0,0,0,0
-0.371429,7,0,0,0,0,0,0,0,0
-0.306122,7,2,3,0,0,1,0,0,0
-0.252427,7,0,0,0,0,0,0,0,0
-0.201342,7,0,0,0,0,0,0,0,0
-0.108992,7,0,0,0,0,0,0,0,0
-0.344262,7,0,0,0,0,0,0,0,0
-0.357143,7,3,2,0,0,1,0,0,0
-0.288344,7,0,0,0,0,0,0,0,0
# Search ID 25
-0.398520,9,3,3,3,2,2,0,1,0
-0.096154,10,3,3,4,3,2,0,2,0
-0.479412,10,3,3,3,2,2,0,1,0
-0.478908,11,3,3,3,2,2,0,1,0
-1.000000,12,3,3,3,4,2,0,4,0
-0.568627,11,3,3,3,2,2,0,1,0
-0.351371,11,3,3,3,2,2,0,1,0
-0.379310,12,3,3,3,2,2,0,1,0
-0.385621,12,3,3,4,2,2,0,2,0
-0.313725,12,3,3,4,3,2,0,2,0
-0.539419,12,3,3,3,2,2,0,1,0
-0.363636,12,3,3,3,4,2,0,4,0
-0.405714,12,3,3,3,2,2,0,1,0
-0.459459,12,3,3,3,2,2,0,1,0
-0.362963,12,3,3,3,2,2,0,1,0
-0.427184,12,3,3,3,2,2,0,1,0
-0.321101,12,3,3,3,2,2,0,1,0
-0.495798,11,3,3,3,2,2,0,1,0
-0.484848,11,3,3,3,2,2,0,1,0
-1.000000,12,3,3,3,4,2,0,3,0
-0.412291,11,3,3,3,2,2,0,1,0
-0.542857,11,3,3,3,2,2,0,1,0
-0.524823,11,4,5,3,2,3,0,1,0
-0.524823,11,3,3,0,0,2,0,0,0
-0.573604,11,3,3,0,0,2,0,0,0
-0.555556,11,3,4,3,2,3,0,1,0
-0.520548,11,3,3,3,2,2,0,1,0
-0.582888,11,3,3,3,2,2,0,1,0
-0.568627,11,3,5,3,2,3,0,1,0
-0.669565,11,0,0,3,2,0,0,1,0
-0.602410,11,2,2,3,2,1,0,1,0
-0.689320,11,3,5,3,2,3,0,1,0
-0.588889,11,3,3,3,2,2,0,1,0
-0.646154,11,3,3,3,2,2,0,1,0
-0.096154,10,3,3,3,4,2,0,4,0
-0.253012,10,3,3,0,0,2,0,0,0
-0.223301,10,3,3,3,3,2,0,2,0
# Search ID 26
-0.102457,7,0,0,0,0,0,0,0,0
0.140845,8,0,0,2,2,0,0,1,0
0.057851,8,0,0,0,0,0,0,0,0
0.133333,8,0,0,3,3,0,0,2,0
0.149254,8,0,0,0,0,0,0,0,0
-0.197521,8,0,0,0,0,0,0,0,0
-0.380531,9,0,0,0,0,0,0,0,0
-0.396226,9,0,0,0,0,0,0,0,0
-0.302857,9,0,0,0,0,0,0,0,0
-0.302857,9,0,0,0,0,0,0,0,0
-0.320755,9,0,0,0,0,0,0,0,0
-0.309942,9,0,0,0,0,0,0,0,0
-0.274419,9,0,0,0,0,0,0,0,0
-0.148607,9,0,0,0,0,0,0,0,0
-0.589928,10,0,0,0,0,0,0,0,0
-0.324675,9,0,0,0,0,0,0,0,0
-0.211594,9,0,0,0,0,0,0,0,0
-0.070069,9,0,0,0,0,0,0,0,0
-0.058824,10,0,0,0,0,0,0,0,0
-0.179245,10,0,0,2,2,0,0,1,0
-0.217993,10,0,0,0,0,0,0,0,0
-0.079646,10,0,0,0,0,0,0,0,0
-0.302857,10,0,0,0,0,0,0,0,0
-0.129870,10,0,0,0,0,0,0,0,0
-0.098275,9,0,0,0,0,0,0,0,0
-0.172414,10,0,0,2,2,0,0,1,0
-0.418124,10,0,0,0,0,0,0,0,0
-0.324675,9,0,0,0,0,0,0,0,0
-0.204420,9,0,0,0,0,0,0,0,0
-0.286432,9,3,3,0,0,2,0,0,0
-0.324841,9,0,0,0,0,0,0,0,0
-0.342857,9,0,0,0,0,0,0,0,0
-0.291005,9,0,0,0,0,0,0,0,0
-0.309524,9,0,0,0,0,0,0,0,0
0.147059,8,0,0,2,3,0,0,1,0
0.203883,8,0,0,0,0,0,0,0,0
0.151515,8,0,0,0,0,0,0,0,0
# Search ID 27
0.466827,11,2,3,0,0,1,0,0,0
0.728155,12,2,3,2,2,1,0,1,0
0.674074,12,2,3,0,0,1,0,0,0
0.624309,12,2,3,0,0,1,0,0,0
0.711712,12,2,3,2,3,1,0,1,0
0.641975,12,2,3,2,3,1,0,1,0
0.638554,12,2,3,0,0,1,0,0,0
0.704348,12,0,0,0,0,0,0,0,0
0.697479,12,2,3,0,0,1,0,0,0
0.614583,12,0,0,0,0,0,0,0,0
0.674074,12,2,3,0,0,1,0,0,0
0.704348,12,2,3,3,2,1,0,1,0
0.679389,12,2,3,0,0,1,0,0,0
0.569811,12,2,3,2,3,1,0,1,0
0.610000,12,2,3,0,0,1,0,0,0
0.360469,12,2,3,2,2,1,0,1,0
0.381395,13,2,3,2,2,1,0,1,0
0.320312,13,2,3,2,2,1,0,1,0
0.486216,13,3,3,2,2,3,0,1,0
0.380282,14,3,3,4,4,3,0,2,0
0.386861,14,3,3,2,2,3,0,1,0
0.333333,14,3,3,2,2,3,0,1,0
0.274448,14,3,3,2,4,3,0,2,0
0.335640,13,2,3,2,2,1,0,1,0
0.456382,13,2,3,0,0,1,0,0,0
0.147679,14,2,3,0,0,1,0,0,0
0.323194,13,3,5,2,2,2,0,1,0
0.337931,13,2,3,2,2,1,0,1,0
0.367292,13,2,3,0,0,1,0,0,0
-0.134752,14,2,3,0,0,1,0,0,0
0.370558,13,2,3,2,2,1,0,1,0
0.536232,12,2,3,0,0,1,0,0,0
0.605911,12,2,3,0,0,1,0,0,0
0.603865,12,2,3,0,0,1,0,0,0
0.674074,12,2,3,3,2,1,0,1,0
0.458763,12,2,3,0,0,1,0,0,0
0.659864,12,2,3,0,0,1,0,0,0
# Search ID 28
-0.106408,11,3,2,0,0,1,0,0,0
-0.100806,12,3,2,0,0,1,0,0,0
-0.153191,12,3,2,2,2,1,0,1,0
-0.100402,12,3,2,0,0,1,0,0,0
0.041420,12,3,2,3,4,1,0,0,1
-0.067039,12,3,2,2,2,1,0,1,0
-0.060870,12,3,2,2,2,1,0,1,0
-0.088838,12,0,0,0,0,0,0,0,0
-0.193529,12,3,2,3,2,1,0,1,0
0.010989,13,3,2,3,2,1,0,1,0
-0.030000,13,3,2,3,2,1,0,1,0
-0.060976,13,5,4,3,2,2,0,1,0
-0.157685,12,3,2,0,0,1,0,0,0
0.052632,13,3,3,0,0,3,0,0,0
-0.092511,12,3,2,0,0,1,0,0,0
-0.076531,12,3,2,0,0,1,0,0,0
-0.090090,12,3,2,0,0,1,0,0,0
-0.187306,12,3,2,0,0,1,0,0,0
-0.131148,13,3,3,0,0,3,0,0,0
-0.142857,13,3,2,0,0,1,0,0,0
-0.148148,13,3,2,0,0,1,0,0,0
0.093439,13,3,2,0,0,1,0,0,0
0.000000,12,3,2,3,2,1,0,1,0
0.113043,12,3,2,0,0,1,0,0,0
0.060403,12,3,2,0,0,1,0,0,0
0.117117,12,3,2,2,2,1,0,1,0
0.050000,12,3,2,0,0,1,0,0,0
# Search ID 29
0.030194,4,0,0,0,0,0,0,0,0
-0.097561,5,0,0,0,0,0,0,0,0
-0.089820,5,0,0,0,0,0,0,0,0
-0.117241,5,3,2,0,0,1,0,0,0
0.006024,5,0,0,0,0,0,0,0,0
0.008902,5,2,2,0,0,1,0,0,0
-0.032000,5,0,0,0,0,0,0,0,0
-0.051643,5,2,3,0,0,1,0,0,0
-0.087719,5,0,0,0,0,0,0,0,0
-0.184466,5,0,0,0,0,0,0,0,0
-0.067358,5,0,0,0,0,0,0,0,0
-0.102564,5,0,0,0,0,0,0,0,0
-0.027027,5,0,0,0,0,0,0,0,0
-0.022556,5,0,0,0,0,0,0,0,0
-0.057692,5,2,3,0,0,1,0,0,0
-0.076087,5,0,0,0,0,0,0,0,0
-0.101266,5,0,0,0,0,0,0,0,0
0.011561,5,2,2,0,0,1,0,0,0
-0.014286,5,2,2,0,0,1,0,0,0
0.023377,5,0,0,0,0,0,0,0,0
-0.057143,5,0,0,0,0,0,0,0,0
0.170316,5,3,2,0,0,1,0,0,0
0.188406,6,3,2,0,0,1,0,0,0
0.188406,6,3,2,0,0,1,0,0,0
-0.030872,6,3,2,2,3,1,0,1,0
0.047872,6,0,0,0,0,0,0,0,0
0.203252,6,0,0,0,0,0,0,0,0
0.020243,6,3,2,0,0,1,0,0,0
0.093023,6,3,2,0,0,1,0,0,0
0.025253,5,0,0,0,0,0,0,0,0
-0.162393,5,0,0,0,0,0,0,0,0
0.067114,5,0,0,0,0,0,0,0,0
-0.180952,5,0,0,0,0,0,0,0,0
-0.049774,5,0,0,0,0,0,0,0,0
-0.142857,5,2,3,0,0,1,0,0,0
-0.150000,5,0,0,0,0,0,0,0,0
# Search ID 30
0.068460,7,2,2,3,2,1,0,1,0
0.267176,8,2,2,3,2,1,0,1,0
0.157088,8,2,2,3,2,1,0,1,0
0.121387,8,2,2,3,2,1,0,1,0
0.259259,8,2,2,3,2,1,0,1,0
0.283333,8,2,2,4,4,1,0,2,0
0.108808,8,0,0,3,2,0,0,1,0
0.255474,8,2,2,3,2,1,0,1,0
-0.046337,8,0,0,3,5,0,0,2,0
-0.102362,9,3,3,3,5,2,0,2,0
-0.100775,9,0,0,3,5,0,0,2,0
0.063063,9,0,0,3,2,0,0,1,0
0.033233,9,0,0,3,5,0,0,2,0
0.126294,9,0,0,3,2,0,0,1,0
-0.226277,10,0,0,3,2,0,0,1,0
-0.111111,9,0,0,3,5,0,0,2,0
-0.112903,9,0,0,2,3,0,0,1,0
0.065789,9,0,0,3,5,0,0,2,0
-0.099237,9,3,2,3,5,1,0,2,0
0.313725,8,2,2,3,2,1,0,1,0
0.200000,8,2,2,3,2,1,0,1,0
0.042362,8,2,2,3,3,1,0,2,0
0.427350,9,3,3,3,3,2,0,2,0
0.281553,9,2,2,0,0,1,0,0,0
0.162602,8,2,2,0,0,1,0,0,0
0.236842,8,2,2,3,2,1,0,1,0
0.197970,8,2,2,3,4,1,0,2,0
-0.012189,8,2,2,3,2,1,0,1,0
0.197232,9,3,3,3,2,3,0,1,0
0.028571,9,2,2,3,2,1,0,1,0
0.237736,9,4,5,3,2,2,0,1,0
0.278689,8,2,2,4,2,1,0,2,0
# Search ID 31
-0.277905,8,0,0,0,0,0,0,0,0
-0.500000,9,0,0,0,0,0,0,0,0
-0.461538,9,0,0,0,0,0,0,0,0
-0.475410,9,0,0,0,0,0,0,0,0
-0.446809,9,0,0,0,0,0,0,0,0
-0.423313,9,0,0,0,0,0,0,0,0
-0.406593,9,0,0,0,0,0,0,0,0
-0.495495,9,2,2,0,0,1,0,0,0
-0.442177,9,0,0,0,0,0,0,0,0
-0.402174,9,0,0,0,0,0,0,0,0
-0.363636,9,0,0,0,0,0,0,0,0
-0.475410,9,0,0,0,0,0,0,0,0
-0.413793,9,0,0,0,0,0,0,0,0
-0.360324,9,0,0,0,0,0,0,0,0
-0.333333,9,3,2,0,0,1,0,0,0
-1.000000,10,3,2,2,3,1,0,1,0
-0.175113,9,0,0,0,0,0,0,0,0
-0.360595,10,0,0,0,0,0,0,0,0
-0.320197,10,0,0,2,3,0,0,1,0
-0.251908,10,0,0,0,0,0,0,0,0
-0.387755,10,0,0,0,0,0,0,0,0
-0.176685,9,0,0,0,0,0,0,0,0
-0.236641,10,0,0,0,0,0,0,0,0
-0.203704,10,0,0,0,0,0,0,0,0
-0.353741,10,0,0,3,3,0,0,2,0
-0.234375,10,0,0,0,0,0,0,0,0
-0.333333,10,0,0,0,0,0,0,0,0
-0.236641,10,0,0,0,0,0,0,0,0
-0.253521,10,0,0,0,0,0,0,0,0
-0.192916,9,0,0,0,0,0,0,0,0
-0.259259,10,0,0,0,0,0,0,0,0
-0.347826,10,0,0,2,2,0,0,1,0
-0.472441,10,0,0,0,0,0,0,0,0
-0.342960,9,3,2,0,0,1,0,0,0
-1.000000,10,3,2,3,3,1,0,2,0
-0.357143,9,0,0,0,0,0,0,0,0
-0.407821,9,0,0,0,0,0,0,0,0
-0.340426,9,0,0,0,0,0,0,0,0
-1.000000,10,0,0,3,3,0,0,2,0
-0.395833,9,0,0,0,0,0,0,0,0
-0.520000,9,2,3,0,0,1,0,0,0
-0.415205,9,0,0,0,0,0,0,0,0
-0.407821,9,0,0,0,0,0,0,0,0
# Search ID 32
0.463215,7,3,2,0,0,1,0,0,0
0.576720,8,3,2,2,2,1,0,1,0
0.636364,8,3,2,0,0,1,0,0,0
0.545852,8,3,2,0,0,1,0,0,0
0.508091,8,3,2,2,3,1,0,1,0
0.459916,8,3,2,0,0,1,0,0,0
1.000000,9,4,2,0,0,2,0,0,0
0.508197,8,3,2,3,2,1,0,1,0
0.584270,8,3,2,0,0,1,0,0,0
0.524164,8,3,2,0,0,1,0,0,0
0.473430,8,3,2,0,0,1,0,0,0
1.000000,9,3,2,0,0,1,0,0,0
0.487738,8,3,2,0,0,1,0,0,0
0.564356,8,3,2,0,0,1,0,0,0
0.622378,8,3,2,0,0,1,0,0,0
0.571429,8,3,2,0,0,1,0,0,0
0.559809,8,3,2,0,0,1,0,0,0
0.567839,8,3,2,0,0,1,0,0,0
0.344710,8,0,0,0,0,0,0,0,0
0.552600,9,0,0,0,0,0,0,0,0
0.385542,10,0,0,0,0,0,0,0,0
0.333333,10,0,0,0,0,0,0,0,0
0.392405,10,0,0,0,0,0,0,0,0
0.359672,8,0,0,0,0,0,0,0,0
0.604185,9,2,2,0,0,1,0,0,0
0.389313,10,2,2,0,0,1,0,0,0
0.368421,10,2,2,0,0,1,0,0,0
0.605096,8,3,2,0,0,1,0,0,0
0.648000,8,3,2,2,2,1,0,1,0
0.597561,8,3,2,0,0,1,0,0,0
0.661017,8,3,2,2,2,1,0,1,0
0.661017,8,3,2,3,2,1,0,1,0
0.689320,8,3,2,0,0,1,0,0,0
0.652893,8,3,2,0,0,1,0,0,0
0.672727,8,3,2,0,0,1,0,0,0
0.597561,8,3,2,0,0,1,0,0,0
0.563107,8,3,2,0,0,1,0,0,0
0.632353,8,3,2,0,0,1,0,0,0
# Search ID 33
-0.239152,10,2,3,0,0,1,0,0,0
-0.393939,11,2,3,0,0,1,0,0,0
-0.414966,11,4,5,0,0,2,0,0,0
-0.395062,11,2,3,0,0,1,0,0,0
-0.345291,11,2,3,0,0,1,0,0,0
-0.435115,11,2,3,0,0,1,0,0,0
-0.414966,11,2,3,0,0,1,0,0,0
-0.336100,11,2,3,0,0,1,0,0,0
-0.355769,11,5,3,0,0,2,0,0,0
-0.158651,11,2,3,0,0,1,0,0,0
-0.168317,12,2,3,0,0,1,0,0,0
-0.430199,12,2,3,0,0,1,0,0,0
-0.121495,13,2,3,0,0,1,0,0,0
-0.153846,11,2,3,0,0,1,0,0,0
-0.248227,12,2,3,0,0,1,0,0,0
-0.314815,12,2,3,0,0,1,0,0,0
-0.283237,12,2,3,3,3,1,0,2,0
-0.308057,12,2,3,2,3,1,0,1,0
-0.251799,12,2,3,0,0,1,0,0,0
-0.150634,11,2,3,0,0,1,0,0,0
-0.191176,12,2,3,0,0,1,0,0,0
-0.358491,12,2,3,2,2,1,0,1,0
-0.169492,12,2,3,0,0,1,0,0,0
-0.348214,12,2,3,0,0,1,0,0,0
-0.352113,11,3,3,0,0,3,0,0,0
-0.352113,11,2,3,0,0,1,0,0,0
-0.197050,11,2,3,0,0,1,0,0,0
-0.441860,12,2,3,3,3,1,0,2,0
-0.330645,11,2,3,0,0,1,0,0,0
-0.359606,11,0,0,0,0,0,0,0,0
-0.457627,11,2,3,0,0,1,0,0,0
-0.485149,11,2,3,0,0,1,0,0,0
-0.400000,11,0,0,0,0,0,0,0,0
# Search ID 34
0.950849,12,0,0,3,3,0,0,2,0
1.000000,13,3,2,3,3,1,0,2,0
# Search ID 35
-0.111355,7,3,2,0,0,1,0,0,0
-0.190738,8,3,2,0,0,1,0,0,0
-0.333333,9,3,2,0,0,1,0,0,0
-0.405941,9,3,2,0,0,1,0,0,0
-0.333333,9,3,2,0,0,1,0,0,0
-0.347826,9,3,2,0,0,1,0,0,0
-0.273585,9,3,2,0,0,1,0,0,0
-0.273585,9,3,2,0,0,1,0,0,0
-0.124022,9,3,2,0,0,1,0,0,0
-0.513043,10,3,2,0,0,1,0,0,0
-0.084565,9,3,2,0,0,1,0,0,0
-0.200000,10,3,2,0,0,1,0,0,0
-0.322034,10,3,2,0,0,1,0,0,0
-0.178571,10,3,2,2,2,1,0,1,0
-0.267606,10,0,0,0,0,0,0,0,0
-0.294118,9,3,2,0,0,1,0,0,0
-0.125721,9,3,2,0,0,1,0,0,0
-0.377358,10,3,2,0,0,1,0,0,0
-0.092402,9,3,2,0,0,1,0,0,0
-0.211765,10,3,2,2,2,1,0,1,0
-0.379104,10,3,2,0,0,1,0,0,0
-0.123810,10,0,0,0,0,0,0,0,0
-0.143695,9,3,2,0,0,1,0,0,0
-0.271889,9,3,2,0,0,1,0,0,0
-0.317073,9,4,3,0,0,2,0,0,0
-0.324675,9,3,2,0,0,1,0,0,0
-0.320755,9,3,2,0,0,1,0,0,0
-0.320755,9,3,3,0,0,2,0,0,0
-0.405941,9,0,0,0,0,0,0,0,0
-0.379310,9,3,3,0,0,3,0,0,0
-0.324675,9,3,2,0,0,1,0,0,0
0.142857,8,3,2,0,0,1,0,0,0
0.086294,8,0,0,0,0,0,0,0,0
# Search ID 36
0.141515,7,3,2,0,0,1,0,0,0
0.254237,8,3,2,0,0,1,0,0,0
0.167665,8,3,2,0,0,1,0,0,0
0.098634,8,3,2,0,0,1,0,0,0
0.549133,9,3,2,0,0,1,0,0,0
0.236181,8,3,2,0,0,1,0,0,0
0.254237,8,3,2,0,0,1,0,0,0
0.083544,8,3,2,2,3,1,0,1,0
0.520000,9,3,2,2,3,1,0,1,0
0.132159,8,3,2,0,0,1,0,0,0
0.271605,8,3,2,0,0,1,0,0,0
0.265060,8,3,2,0,0,1,0,0,0
0.281046,8,3,2,0,0,1,0,0,0
0.061638,8,3,2,0,0,1,0,0,0
0.320388,9,3,2,0,0,1,0,0,0
0.319444,9,3,2,0,0,1,0,0,0
0.246073,8,3,2,5,3,1,0,2,0
0.233831,8,3,2,0,0,1,0,0,0
0.271605,8,3,2,0,0,1,0,0,0
0.284768,8,3,2,0,0,1,0,0,0
0.060524,8,0,0,0,0,0,0,0,0
0.333333,9,0,0,0,0,0,0,0,0
0.085937,8,0,0,0,0,0,0,0,0
0.281046,8,3,2,0,0,1,0,0,0
0.333333,8,3,2,2,3,1,0,1,0
0.235294,8,3,2,0,0,1,0,0,0
0.333333,8,3,2,0,0,1,0,0,0
0.092179,8,3,2,0,0,1,0,0,0
0.469388,9,3,2,0,0,1,0,0,0
0.060198,8,3,2,0,0,1,0,0,0
0.326087,9,3,2,0,0,1,0,0,0
0.329897,9,3,2,0,0,1,0,0,0
0.273885,8,3,2,2,2,1,0,1,0
0.299270,8,3,2,0,0,1,0,0,0
0.277419,8,3,2,0,0,1,0,0,0
# Search ID 37
-0.944444,11,3,3,0,0,2,0,0,0
-1.000000,12,3,3,2,2,2,0,1,0
-1.000000,12,3,3,2,3,2,0,1,0
-1.000000,12,3,3,0,0,2,0,0,0
-0.682243,12,3,3,2,2,2,0,1,0
-1.000000,12,3,3,2,3,2,0,1,0
-1.000000,12,3,3,2,2,2,0,1,0
# Search ID 38
-0.153592,8,0,0,4,4,0,0,2,0
-0.384615,9,0,0,4,4,0,0,2,0
-0.275676,9,0,0,4,4,0,0,2,0
-0.266332,9,0,0,4,4,0,0,2,0
-0.272727,9,0,0,4,4,0,0,2,0
-0.201278,9,0,0,4,4,0,0,2,0
-0.293413,9,0,0,4,4,0,0,2,0
-0.257143,9,0,0,4,4,0,0,2,0
-0.235772,9,0,0,2,2,0,0,1,0
-0.054411,9,0,0,4,4,0,0,2,0
-0.129630,10,0,0,4,4,0,0,2,0
-0.137615,10,0,0,3,3,0,0,2,0
-0.226804,10,0,0,4,4,0,0,4,0
-0.142857,10,0,0,5,4,0,0,3,0
-0.212329,9,0,0,4,4,0,0,2,0
-0.042392,9,0,0,4,4,0,0,2,0
-0.225806,10,0,0,4,4,0,0,2,0
-0.058824,10,0,0,3,3,0,0,2,0
-0.057851,10,0,0,4,5,0,0,3,0
-0.200000,10,0,0,4,4,0,0,2,0
-0.058824,10,0,0,4,4,0,0,4,0
-0.180812,10,0,0,4,4,0,0,2,0
-0.091255,9,0,0,2,2,0,0,1,0
-0.327869,10,0,0,2,2,0,0,1,0
-0.280899,9,0,0,4,4,0,0,2,0
-0.263682,9,2,2,4,4,1,0,2,0
-0.349593,9,2,2,4,4,1,0,2,0
-0.172414,9,0,0,4,4,0,0,2,0
-0.319444,9,0,0,2,3,0,0,1,0
-0.296296,9,0,0,4,4,0,0,2,0
-0.241379,9,2,2,4,4,1,0,2,0
-0.369369,9,0,0,2,3,0,0,1,0
-0.315436,9,2,3,4,4,1,0,2,0
-0.257143,9,0,0,4,4,0,0,2,0
-0.315068,9,0,0,4,4,0,0,2,0
-0.377358,9,0,0,4,4,0,0,2,0
# Search ID 39
-0.292671,10,3,2,2,3,1,0,1,0
-0.447059,11,3,2,2,3,1,0,1,0
-0.517241,11,3,2,2,3,1,0,1,0
-0.522124,11,3,2,2,3,1,0,1,0
-0.527273,11,3,2,2,3,1,0,1,0
-0.500000,11,3,4,2,3,2,0,1,0
-0.466667,11,3,2,2,3,1,0,1,0
-0.532710,11,0,0,2,3,0,0,1,0
-0.500000,11,0,0,2,3,0,0,1,0
-0.538462,11,3,3,2,3,3,0,1,0
-0.538462,11,3,2,2,3,1,0,1,0
-0.461538,11,3,2,2,3,1,0,1,0
-0.475862,11,3,2,2,3,1,0,1,0
-0.202323,11,3,2,2,3,1,0,1,0
-0.236364,12,0,0,2,3,0,0,1,0
-0.314917,12,0,0,2,3,0,0,1,0
-0.236364,12,3,2,2,3,1,0,1,0
-0.207921,12,3,2,2,4,1,0,2,0
-0.275362,12,3,2,2,3,1,0,1,0
-0.271028,12,3,2,0,0,1,0,0,0
-0.333333,12,3,2,2,3,1,0,1,0
-0.370370,12,3,2,3,4,1,0,2,0
-0.223301,12,3,2,0,0,1,0,0,0
-0.428571,11,3,2,2,3,1,0,1,0
-0.370242,11,3,2,2,3,1,0,1,0
-1.000000,12,3,2,2,3,1,0,1,0
-0.209853,11,3,2,0,0,1,0,0,0
-0.443230,12,3,2,0,0,1,0,0,0
-0.255814,13,3,2,0,0,1,0,0,0
-0.238095,13,3,2,0,0,1,0,0,0
-0.250000,13,3,2,0,0,1,0,0,0
-0.237942,11,3,2,2,3,1,0,1,0
-0.417323,12,3,2,2,3,1,0,1,0
-0.437037,12,3,2,3,4,1,0,2,0
-0.377778,11,3,2,2,3,1,0,1,0
-1.000000,12,3,2,2,3,1,0,1,0
-0.219456,11,3,2,0,0,1,0,0,0
-0.203883,12,0,0,0,0,0,0,0,0
-0.468650,12,3,2,0,0,1,0,0,0
-0.225806,13,3,2,0,0,1,0,0,0
-0.208633,13,3,2,0,0,1,0,0,0
-0.538462,11,3,2,2,3,1,0,1,0
# Search ID 40
0.254886,6,0,0,0,0,0,0,0,0
0.036364,7,0,0,0,0,0,0,0,0
0.044248,7,0,0,0,0,0,0,0,0
0.166667,7,0,0,0,0,0,0,0,0
0.227979,7,0,0,0,0,0,0,0,0
0.056911,7,0,0,0,0,0,0,0,0
0.160714,7,2,3,0,0,1,0,0,0
0.235577,7,2,3,0,0,1,0,0,0
0.102564,7,0,0,0,0,0,0,0,0
0.267361,7,0,0,0,0,0,0,0,0
0.144279,7,0,0,0,0,0,0,0,0
0.385769,7,3,2,0,0,1,0,0,0
0.450382,8,3,2,0,0,1,0,0,0
0.209493,8,0,0,0,0,0,0,0,0
0.527397,9,0,0,0,0,0,0,0,0
0.278689,8,0,0,0,0,0,0,0,0
0.504950,8,3,2,0,0,1,0,0,0
0.500000,8,3,2,2,3,1,0,1,0
0.365639,8,3,2,0,0,1,0,0,0
0.377990,8,3,2,2,2,1,0,1,0
0.295567,8,3,2,0,0,1,0,0,0
0.414634,8,3,2,0,0,1,0,0,0
0.044248,7,0,0,0,0,0,0,0,0
0.136842,7,0,0,0,0,0,0,0,0
0.201299,7,2,2,0,0,1,0,0,0
0.138462,7,0,0,0,0,0,0,0,0
0.189964,7,0,0,0,0,0,0,0,0
0.236277,7,0,0,0,0,0,0,0,0
0.202572,7,0,0,0,0,0,0,0,0
0.160714,7,0,0,0,0,0,0,0,0
0.068702,7,0,0,0,0,0,0,0,0
0.154545,7,0,0,0,0,0,0,0,0
0.019231,7,0,0,0,0,0,0,0,0
# Search ID 41
0.371840,7,3,3,0,0,2,0,0,0
0.611650,8,3,3,0,0,2,0,0,0
0.553957,8,3,3,0,0,2,0,0,0
0.409574,8,3,3,0,0,2,0,0,0
1.000000,9,4,4,0,0,3,0,0,0
0.442509,8,3,3,0,0,2,0,0,0
0.592920,8,3,3,3,2,2,0,1,0
0.620000,8,3,3,2,3,2,0,1,0
0.592920,8,3,3,0,0,2,0,0,0
0.434211,8,3,3,2,2,2,0,1,0
0.583333,8,3,3,0,0,2,0,0,0
0.344828,8,2,2,0,0,1,0,0,0
0.704348,9,0,0,0,0,0,0,0,0
0.257368,8,0,0,0,0,0,0,0,0
0.175439,9,0,0,0,0,0,0,0,0
0.166667,9,2,3,0,0,1,0,0,0
0.172414,9,0,0,0,0,0,0,0,0
0.190476,9,0,0,0,0,0,0,0,0
0.339031,9,0,0,0,0,0,0,0,0
0.254054,9,3,3,0,0,2,0,0,0
0.454802,9,0,0,0,0,0,0,0,0
0.202899,10,0,0,0,0,0,0,0,0
0.210937,10,0,0,0,0,0,0,0,0
0.200000,9,0,0,0,0,0,0,0,0
0.171171,9,0,0,0,0,0,0,0,0
0.563910,8,3,3,0,0,2,0,0,0
0.607477,8,3,3,0,0,2,0,0,0
0.600000,8,3,3,0,0,2,0,0,0
0.600000,8,3,3,0,0,2,0,0,0
0.334129,8,3,3,0,0,2,0,0,0
0.668874,9,3,3,0,0,2,0,0,0
0.299191,8,3,3,0,0,2,0,0,0
0.423077,9,3,3,0,0,2,0,0,0
0.607306,9,3,3,0,0,2,0,0,0
0.611650,8,3,3,0,0,2,0,0,0
0.544828,8,3,3,2,2,2,0,1,0
# Search ID 42
0.214514,16,0,0,0,0,0,0,0,0
-0.115385,17,0,0,0,0,0,0,0,0
0.267305,17,0,0,0,0,0,0,0,0
0.528571,18,0,0,0,0,0,0,0,0
0.462264,18,0,0,2,2,0,0,1,0
0.466019,18,0,0,0,0,0,0,0,0
0.458716,18,0,0,0,0,0,0,0,0
0.462264,18,0,0,0,0,0,0,0,0
0.513158,18,0,0,0,0,0,0,0,0
0.451327,18,0,0,0,0,0,0,0,0
0.524476,18,0,0,0,0,0,0,0,0
0.466019,18,0,0,2,3,0,0,1,0
0.151098,18,0,0,2,2,0,0,1,0
-0.078261,19,0,0,2,2,0,0,1,0
-0.027397,19,0,0,2,2,0,0,1,0
0.053061,19,0,0,2,2,0,0,1,0
0.254159,19,0,0,2,2,0,0,1,0
0.500000,20,0,0,2,2,0,0,1,0
0.123088,20,0,0,4,2,0,0,2,0
0.215017,21,0,0,4,2,0,0,2,0
-0.113725,22,0,0,4,2,0,0,2,0
0.174603,21,0,0,2,2,0,0,1,0
-0.181287,22,0,0,2,2,0,0,1,0
0.210811,21,0,0,4,2,0,0,2,0
-0.105085,22,0,0,4,2,0,0,2,0
0.162242,21,0,0,2,2,0,0,1,0
-0.225806,22,0,0,2,2,0,0,1,0
0.128405,21,0,0,2,2,0,0,1,0
0.167213,21,0,0,2,2,0,0,1,0
0.436242,20,0,0,2,2,0,0,1,0
0.432258,20,0,0,2,2,0,0,1,0
0.028571,19,0,0,0,0,0,0,0,0
0.093023,19,0,0,0,0,0,0,0,0
0.036364,19,0,0,2,2,0,0,1,0
-0.066667,19,3,2,2,2,1,0,1,0
-0.084112,19,0,0,2,2,0,0,1,0
0.448276,18,0,0,0,0,0,0,0,0
1.000000,19,3,2,0,0,1,0,0,0
0.474227,18,0,0,3,2,0,0,1,0
0.516779,18,0,0,0,0,0,0,0,0
0.559322,18,0,0,2,3,0,0,1,0
0.532847,18,0,0,0,0,0,0,0,0
0.513158,18,0,0,0,0,0,0,0,0
0.537313,18,0,0,0,0,0,0,0,0
0.528571,18,0,0,2,2,0,0,1,0
0.524476,18,0,0,0,0,0,0,0,0
# Search ID 43
-0.952019,11,2,3,3,3,1,0,2,0
-1.000000,12,2,3,4,3,1,0,3,0
-1.000000,12,2,3,4,4,1,0,3,0
-1.000000,12,2,3,3,3,1,0,2,0
# Search ID 44
1.000000,9,4,2,2,3,2,0,1,0
# Search ID 45
-1.000000,8,0,0,4,4,0,0,2,0
# Search ID 46
0.146456,6,0,0,0,0,0,0,0,0
-0.047619,7,0,0,0,0,0,0,0,0
-0.085714,7,0,0,0,0,0,0,0,0
-0.058824,7,0,0,0,0,0,0,0,0
-0.056911,7,0,0,0,0,0,0,0,0
0.000000,7,3,2,0,0,1,0,0,0
0.052174,7,0,0,0,0,0,0,0,0
0.048889,7,0,0,0,0,0,0,0,0
0.011494,7,0,0,0,0,0,0,0,0
0.073529,7,2,2,0,0,1,0,0,0
0.060729,7,2,3,0,0,1,0,0,0
-0.038168,7,0,0,0,0,0,0,0,0
0.052174,7,0,0,0,0,0,0,0,0
-0.020690,7,0,0,0,0,0,0,0,0
0.090323,7,0,0,0,0,0,0,0,0
0.005917,7,0,0,0,0,0,0,0,0
0.120205,7,3,2,0,0,1,0,0,0
0.052632,7,0,0,0,0,0,0,0,0
0.160862,7,0,0,0,0,0,0,0,0
0.274348,7,2,2,0,0,1,0,0,0
0.209877,8,2,2,0,0,1,0,0,0
0.204819,8,2,2,0,0,1,0,0,0
0.112266,8,2,2,0,0,1,0,0,0
0.297619,8,2,2,3,2,1,0,1,0
0.148362,8,0,0,0,0,0,0,0,0
0.275510,8,0,0,0,0,0,0,0,0
0.206061,8,2,2,0,0,1,0,0,0
0.226950,8,2,2,0,0,1,0,0,0
-0.000000,7,2,2,0,0,1,0,0,0
0.034826,7,0,0,0,0,0,0,0,0
0.038095,7,0,0,0,0,0,0,0,0
0.155235,7,0,0,0,0,0,0,0,0
-0.084112,7,0,0,0,0,0,0,0,0
# Search ID 47
-0.022791,9,4,4,0,0,2,0,0,0
0.121019,10,4,4,0,0,2,0,0,0
0.140845,10,2,3,0,0,1,0,0,0
0.005587,10,4,4,0,0,2,0,0,0
-0.041441,10,4,4,0,0,2,0,0,0
-0.021834,10,4,4,3,2,2,0,1,0
0.170732,10,2,3,0,0,1,0,0,0
0.089005,10,4,4,0,0,2,0,0,0
-0.087968,10,4,4,2,3,2,0,1,0
0.253807,11,4,4,2,3,2,0,1,0
-0.095280,10,4,4,0,0,2,0,0,0
0.096296,11,4,4,0,0,3,0,0,0
0.226006,11,4,4,0,0,3,0,0,0
0.060870,10,4,4,0,0,2,0,0,0
0.168000,10,4,4,0,0,2,0,0,0
-0.084639,10,2,3,0,0,1,0,0,0
0.097826,10,4,4,0,0,2,0,0,0
0.027027,10,2,3,3,2,1,0,1,0
-0.116337,10,4,4,0,0,2,0,0,0
0.013889,11,2,3,0,0,1,0,0,0
-0.016667,11,5,4,0,0,3,0,0,0
0.127479,11,6,4,0,0,3,0,0,0
0.076923,10,4,4,0,0,2,0,0,0
0.151515,10,4,4,2,2,2,0,1,0
0.156250,10,4,4,2,2,2,0,1,0
0.116564,10,4,4,0,0,2,0,0,0
-0.063712,10,4,4,0,0,2,0,0,0
0.272727,11,4,4,0,0,2,0,0,0
0.269841,11,6,4,0,0,3,0,0,0
0.005618,10,4,4,3,2,2,0,1,0
0.158730,10,4,4,0,0,2,0,0,0
0.103448,10,4,4,0,0,2,0,0,0
0.015480,10,4,4,0,0,2,0,0,0
# Search ID 48
-0.322007,8,0,0,2,3,0,0,1,0
-0.538462,9,0,0,2,3,0,0,1,0
-0.543860,9,0,0,2,3,0,0,1,0
-0.454545,9,0,0,2,3,0,0,1,0
-0.486842,9,0,0,2,3,0,0,1,0
-0.555556,9,0,0,2,3,0,0,1,0
-0.456522,9,0,0,2,3,0,0,1,0
-0.413223,9,0,0,2,3,0,0,1,0
-0.561905,9,0,0,2,3,0,0,1,0
-0.564356,9,2,3,2,3,1,0,1,0
-0.561905,9,0,0,2,3,0,0,1,0
-0.379310,9,0,0,2,3,0,0,1,0
-1.000000,10,0,0,2,3,0,0,1,0
-0.382637,9,3,2,2,3,1,0,1,0
-0.274356,9,0,0,0,0,0,0,0,0
-0.424779,9,0,0,2,3,0,0,1,0
-0.458564,9,0,0,2,3,0,0,1,0
-0.233786,9,0,0,2,3,0,0,1,0
-0.277311,10,0,0,2,3,0,0,1,0
-0.285714,10,0,0,3,5,0,0,2,0
-0.497860,10,0,0,2,3,0,0,1,0
-0.305810,9,0,0,0,0,0,0,0,0
-0.213811,9,0,0,2,3,0,0,1,0
-0.169492,10,0,0,2,3,0,0,1,0
-0.158879,10,0,0,2,3,0,0,1,0
-0.153846,10,0,0,4,3,0,0,2,0
-0.270142,10,0,0,4,4,0,0,2,0
-0.173554,10,0,0,2,3,0,0,1,0
-0.200000,10,0,0,3,3,0,0,3,0
-0.163636,10,0,0,2,3,0,0,1,0
-0.184000,10,0,0,3,5,0,0,2,0
-0.230769,10,0,0,0,0,0,0,0,0
-0.184000,10,0,0,2,3,0,0,1,0
-0.423764,10,0,0,2,3,0,0,1,0
-0.200000,11,0,0,2,3,0,0,1,0
-0.173554,11,0,0,0,0,0,0,0,0
-0.533333,9,0,0,2,3,0,0,1,0
-0.523810,9,0,0,2,3,0,0,1,0
# Search ID 49
0.657303,9,6,3,0,0,2,0,0,0
0.798742,10,6,3,0,0,2,0,0,0
0.882353,10,6,3,0,0,2,0,0,0
0.731707,10,6,3,0,0,2,0,0,0
0.740260,10,6,3,3,2,2,0,1,0
0.765306,10,6,3,0,0,2,0,0,0
0.646154,10,3,2,0,0,1,0,0,0
0.630470,10,3,2,0,0,1,0,0,0
1.000000,11,6,3,0,0,2,0,0,0
1.000000,11,3,2,0,0,1,0,0,0
0.703947,10,6,3,0,0,2,0,0,0
0.682192,10,6,3,2,2,2,0,1,0
0.805195,10,6,3,0,0,2,0,0,0
0.818182,10,6,3,0,0,2,0,0,0
0.639286,10,6,3,3,2,2,0,1,0
0.824818,10,6,3,0,0,2,0,0,0
0.680000,10,6,3,0,0,2,0,0,0
0.712281,10,6,3,3,2,2,0,1,0
0.777778,10,6,3,0,0,2,0,0,0
0.798742,10,6,3,2,2,2,0,1,0
0.750000,10,6,3,2,2,2,0,1,0
0.743363,10,6,3,2,2,2,0,1,0
0.549977,10,3,2,0,0,1,0,0,0
0.790634,11,3,2,0,0,1,0,0,0
0.559170,10,3,2,0,0,1,0,0,0
0.812775,11,3,2,0,0,1,0,0,0
0.563636,11,3,2,0,0,1,0,0,0
0.841270,10,6,3,0,0,2,0,0,0
0.833333,10,6,3,0,0,2,0,0,0
0.792683,10,6,3,0,0,2,0,0,0
0.805195,10,6,3,0,0,2,0,0,0
0.805195,10,6,3,0,0,2,0,0,0
0.805195,10,6,3,0,0,2,0,0,0
# Search ID 50
0.949420,10,2,2,3,2,1,0,1,0
1.000000,11,3,3,3,2,3,0,1,0
1.000000,11,4,4,3,2,2,0,1,0
# Search ID 51
-0.578695,13,3,3,3,2,2,0,1,0
-0.518644,14,3,3,3,2,2,0,1,0
-0.400000,14,3,3,3,2,2,0,1,0
-0.618929,14,3,3,4,2,2,0,2,0
-0.600610,14,3,3,3,2,2,0,1,0
-0.537572,14,3,3,3,4,2,0,2,0
-0.592040,14,3,3,4,3,2,0,2,0
-0.649203,14,3,3,3,2,2,0,1,0
-0.480519,15,3,3,3,2,2,0,1,0
-0.489655,15,3,3,0,0,2,0,0,0
-0.515571,14,3,3,3,2,2,0,1,0
-0.627302,14,3,3,3,4,2,0,4,0
-0.364706,15,3,3,2,2,2,0,1,0
-0.442308,15,3,3,3,4,2,0,4,0
-0.567100,14,3,3,4,4,2,0,1,1
-0.447514,14,3,3,0,0,2,0,0,0
-0.627513,14,3,3,3,2,2,0,1,0
-0.447619,15,3,3,0,0,2,0,0,0
-0.377358,15,3,3,3,2,2,0,1,0
-0.636704,14,3,3,3,2,2,0,1,0
-0.465517,15,3,3,3,2,2,0,1,0
-0.525316,14,3,3,3,2,2,0,1,0
-0.474178,14,0,0,3,2,0,0,1,0
-0.376000,14,2,2,3,2,1,0,1,0
-0.600605,14,3,3,5,4,2,0,2,0
-0.438596,14,3,3,3,2,2,0,1,0
-0.351852,14,3,2,3,2,1,0,1,0
-0.357143,14,3,3,3,2,2,0,1,0
# Search ID 52
0.514043,9,3,2,0,0,1,0,0,0
0.740741,10,3,2,0,0,1,0,0,0
0.687943,10,3,2,0,0,1,0,0,0
0.614350,10,3,2,2,3,1,0,1,0
0.699248,10,3,2,3,2,1,0,1,0
0.750000,10,3,2,0,0,1,0,0,0
0.610619,10,3,2,0,0,1,0,0,0
0.426802,10,0,0,0,0,0,0,0,0
0.690476,11,0,0,0,0,0,0,0,0
0.344086,12,0,0,0,0,0,0,0,0
0.399106,10,0,0,0,0,0,0,0,0
0.417840,11,3,2,0,0,1,0,0,0
0.527145,11,2,3,0,0,1,0,0,0
0.587156,11,0,0,0,0,0,0,0,0
0.308511,12,0,0,0,0,0,0,0,0
0.457746,11,0,0,0,0,0,0,0,0
0.315789,11,4,2,0,0,2,0,0,0
0.712000,10,3,2,0,0,1,0,0,0
0.660606,10,3,2,0,0,1,0,0,0
0.699248,10,3,2,0,0,1,0,0,0
0.705426,10,3,2,0,0,1,0,0,0
0.572368,10,3,2,2,2,1,0,1,0
0.524838,10,3,2,0,0,1,0,0,0
1.000000,11,3,2,0,0,1,0,0,0
0.515748,10,3,2,0,0,1,0,0,0
1.000000,11,6,4,0,0,3,0,0,0
0.677852,10,3,2,0,0,1,0,0,0
0.664596,10,3,2,2,2,1,0,1,0
0.656805,10,3,2,0,0,1,0,0,0
0.572368,10,3,2,0,0,1,0,0,0
0.554286,10,3,2,0,0,1,0,0,0
0.693431,10,3,2,0,0,1,0,0,0
0.660606,10,3,2,0,0,1,0,0,0
0.660606,10,3,2,0,0,1,0,0,0
0.699248,10,3,2,0,0,1,0,0,0
0.709677,10,3,2,0,0,1,0,0,0
0.732143,10,3,2,0,0,1,0,0,0
0.699248,10,3,2,0,0,1,0,0,0
# Search ID 53
0.132834,7,2,3,0,0,1,0,0,0
0.262500,8,2,3,2,2,1,0,1,0
0.219048,8,2,3,0,0,1,0,0,0
0.216981,8,2,3,0,0,1,0,0,0
0.123110,8,2,3,2,3,1,0,1,0
0.656716,9,2,3,2,3,1,0,1,0
0.015647,8,2,3,0,0,1,0,0,0
0.221580,9,3,3,0,0,2,0,0,0
-0.203704,10,2,3,0,0,1,0,0,0
0.250432,9,2,3,0,0,1,0,0,0
-0.137931,10,2,3,0,0,1,0,0,0
0.257485,8,2,3,0,0,1,0,0,0
0.122056,8,2,3,2,3,1,0,1,0
0.661290,9,2,3,2,3,1,0,1,0
0.172881,8,0,0,0,0,0,0,0,0
0.254438,8,2,3,0,0,1,0,0,0
0.257485,8,2,3,0,0,1,0,0,0
0.265823,8,2,3,0,0,1,0,0,0
0.216981,8,0,0,0,0,0,0,0,0
0.244444,8,2,3,0,0,1,0,0,0
0.294118,8,2,3,3,2,1,0,1,0
0.182482,8,2,3,3,2,1,0,1,0
0.059184,8,2,3,0,0,1,0,0,0
0.309735,9,2,3,0,0,1,0,0,0
0.171053,8,2,3,0,0,1,0,0,0
0.181495,8,2,3,0,0,1,0,0,0
0.207048,8,2,3,0,0,1,0,0,0
0.206897,8,2,3,0,0,1,0,0,0
0.214612,8,2,3,0,0,1,0,0,0
0.278912,8,2,3,0,0,1,0,0,0
0.073710,8,2,3,0,0,1,0,0,0
0.070999,8,2,3,0,0,1,0,0,0
0.265823,8,2,3,0,0,1,0,0,0
0.216981,8,2,3,0,0,1,0,0,0
# Search ID 54
0.336531,12,3,2,2,2,1,0,1,0
0.413951,13,3,2,2,2,1,0,1,0
0.606838,14,3,2,4,2,1,0,2,0
0.507109,14,3,2,2,2,1,0,1,0
0.507109,14,3,2,4,4,1,0,1,1
0.533333,14,3,2,3,3,1,0,2,0
0.621622,14,3,2,4,3,1,0,2,0
0.466667,14,0,0,2,2,0,0,1,0
0.300325,14,0,0,2,2,0,0,1,0
0.267857,15,0,0,2,2,0,0,1,0
0.309353,15,3,2,2,2,1,0,1,0
0.488455,15,0,0,2,2,0,0,1,0
0.396825,15,0,0,2,2,0,0,1,0
0.354839,15,0,0,2,2,0,0,1,0
0.329032,15,0,0,2,2,0,0,1,0
0.363184,15,3,3,2,2,2,0,1,0
0.478927,14,3,2,4,4,1,0,2,0
0.541176,14,3,2,2,2,1,0,1,0
0.574468,14,3,2,0,0,1,0,0,0
0.345315,14,3,2,2,2,1,0,1,0
0.596330,15,3,3,2,2,2,0,1,0
0.614035,15,3,2,2,2,1,0,1,0
0.478927,14,3,2,2,2,1,0,1,0
0.582090,14,3,2,0,0,1,0,0,0
0.397412,14,3,2,2,2,1,0,1,0
0.360947,14,3,2,2,2,1,0,1,0
0.547170,15,5,4,2,2,2,0,1,0
0.687204,15,3,2,2,2,1,0,1,0
0.461279,14,3,2,2,2,1,0,1,0
1.000000,15,4,2,2,2,2,0,1,0
0.596774,14,3,2,3,3,1,0,3,0
0.621622,14,3,2,2,2,1,0,1,0
0.626168,14,3,2,2,2,1,0,1,0
0.504673,14,3,2,2,2,1,0,1,0
0.453968,14,3,2,2,2,1,0,1,0
0.626168,14,3,2,2,2,1,0,1,0
0.123457,13,3,4,2,2,2,0,1,0
0.073171,13,3,2,2,2,1,0,1,0
0.066667,13,3,3,2,2,3,0,1,0
0.222222,13,3,2,2,2,1,0,1,0
0.066667,13,3,2,2,2,1,0,1,0
0.083969,13,3,2,2,2,1,0,1,0
# Search ID 55
-0.951819,15,2,3,2,2,1,0,1,0
-1.000000,16,2,3,3,3,1,0,2,0
-0.685950,16,2,3,0,0,1,0,0,0
-0.657143,16,2,3,0,0,1,0,0,0
-1.000000,16,2,3,2,2,1,0,1,0
-1.000000,16,2,3,2,2,1,0,1,0
-1.000000,16,2,3,3,3,1,0,2,0
-0.694915,16,2,3,2,2,1,0,1,0
