value,final_result,num_stones,occ_red_rows,occ_red_cols,occ_blue_rows,occ_blue_cols,red_p1,blue_p1,red_p2,blue_p2
# Search ID 0
0.062400,0,0,0,0,0,0,0,0,0,0
0.048951,0,1,0,0,0,0,0,0,0,0
0.087912,0,1,0,0,0,0,0,0,0,0
0.113208,0,1,0,0,0,0,0,0,0,0
0.099476,0,1,0,0,0,0,0,0,0,0
0.008547,0,1,0,0,0,0,0,0,0,0
0.063291,0,1,0,0,0,0,0,0,0,0
0.030303,0,1,0,0,0,0,0,0,0,0
0.201774,0,1,0,0,0,0,0,0,0,0
0.111111,0,1,0,0,0,0,0,0,0,0
0.180328,0,1,0,0,0,0,0,0,0,0
0.134694,0,1,0,0,0,0,0,0,0,0
0.024000,0,1,0,0,0,0,0,0,0,0
0.016949,0,1,0,0,0,0,0,0,0,0
0.024390,0,1,0,0,0,0,0,0,0,0
-0.009709,0,1,0,0,0,0,0,0,0,0
0.131148,0,1,0,0,0,0,0,0,0,0
0.060403,0,1,0,0,0,0,0,0,0,0
-0.019608,0,1,0,0,0,0,0,0,0,0
0.162939,0,1,0,0,0,0,0,0,0,0
-0.009524,0,1,0,0,0,0,0,0,0,0
0.138340,0,1,0,0,0,0,0,0,0,0
# Search ID 1
0.149072,0,2,0,0,0,0,0,0,0,0
0.104895,0,3,0,0,0,0,0,0,0,0
0.070175,0,3,0,0,0,0,0,0,0,0
0.137500,0,3,0,0,0,0,0,0,0,0
0.139535,0,3,0,0,0,0,0,0,0,0
0.092308,0,3,0,0,0,0,0,0,0,0
0.134503,0,3,0,0,0,0,0,0,0,0
0.149171,0,3,0,0,0,0,0,0,0,0
0.102941,0,3,0,0,0,0,0,0,0,0
0.195219,0,3,0,0,0,0,0,0,0,0
0.186722,0,3,0,0,0,0,0,0,0,0
0.063063,0,3,0,0,0,0,0,0,0,0
0.219355,0,3,0,0,0,0,0,0,0,0
0.336177,0,3,3,2,0,0,1,0,0,0
0.057851,0,4,0,0,0,0,0,0,0,0
0.057971,0,4,0,0,0,0,0,0,0,0
0.061947,0,3,0,0,0,0,0,0,0,0
0.130435,0,3,0,0,0,0,0,0,0,0
0.237569,0,3,0,0,0,0,0,0,0,0
0.081967,0,3,0,0,0,0,0,0,0,0
0.086614,0,3,0,0,0,0,0,0,0,0
# Search ID 2
0.182164,0,4,0,0,3,2,0,0,1,0
0.150000,0,5,0,0,3,2,0,0,1,0
0.119403,0,5,0,0,3,2,0,0,1,0
0.235088,0,5,0,0,3,2,0,0,1,0
0.136986,0,5,0,0,3,2,0,0,1,0
0.146497,0,5,0,0,3,2,0,0,1,0
0.159763,0,5,0,0,3,2,0,0,1,0
0.142857,0,5,0,0,3,2,0,0,1,0
0.290456,0,5,0,0,3,2,0,0,1,0
0.318043,0,5,0,0,3,2,0,0,1,0
0.153374,0,5,0,0,0,0,0,0,0,0
0.165714,0,5,0,0,3,2,0,0,1,0
0.267532,0,5,3,2,3,2,1,0,1,0
0.255132,0,5,2,2,3,2,1,0,1,0
0.298851,0,5,0,0,3,2,0,0,1,0
0.124088,0,5,2,3,3,2,1,0,1,0
# Search ID 3
0.261538,0,4,0,0,0,0,0,0,0,0
0.211268,0,5,0,0,0,0,0,0,0,0
0.297297,0,5,3,2,0,0,1,0,0,0
0.137255,0,5,0,0,0,0,0,0,0,0
0.200000,0,5,0,0,0,0,0,0,0,0
0.279279,0,5,0,0,0,0,0,0,0,0
0.218543,0,5,0,0,0,0,0,0,0,0
0.229814,0,5,0,0,0,0,0,0,0,0
0.194030,0,5,0,0,0,0,0,0,0,0
0.229814,0,5,0,0,0,0,0,0,0,0
0.409150,0,5,3,2,0,0,1,0,0,0
0.057692,0,6,3,2,2,3,1,0,1,0
0.202899,0,5,0,0,0,0,0,0,0,0
0.436123,0,5,3,2,0,0,1,0,0,0
0.103825,0,6,3,2,2,3,1,0,1,0
0.214953,0,6,0,0,0,0,0,0,0,0
0.211009,0,6,0,0,2,2,0,0,1,0
0.254054,0,5,0,0,0,0,0,0,0,0
